Node	Degree	Clustering coefficient	Eccentricity	Average neighbor degree	Degree centrality	Closeness centrality	Betweenness centrality	Harmonic centrality	Load centrality	Subgraph centrality	Mean centrality rank	Module number (greedy modularity)	Z-score (greedy modularity)	P-score (greedy modularity)	Module number (label propagation)	Z-score (label propagation)	P-score (label propagation)
OTU_1	16	0.391667	16	7.6875	0.0327869	0.168812	0.0150726	109.92	0.014763	63537.8	371	5	2.07111	0	4	2.01868	0
OTU_1014	1	0	16	9	0.00204918	0.167668	0	100.956	0	3204.84	117	1	-0.437455	0	3	-0.556747	0
OTU_1017	2	1	14	18.5	0.00409836	0.182672	0	107.97	0	7707.99	176	2	-0.544514	0	1	-0.619986	0
OTU_102	22	0.199134	15	11.4091	0.045082	0.189334	0.0235463	130.462	0.0237902	4.23576e+07	439	4	3.33286	0.46281	0	0.973555	0
OTU_1020	1	0	15	63	0.00204918	0.195314	0	124.102	0	548843	192	1	-0.437455	0	5	-0.235702	0
OTU_1021	2	0	16	3.5	0.00409836	0.152525	5.03769e-05	88.556	8.93624e-05	279.168	209	1	-0.247081	0	25	0	0.5
OTU_10251	2	0	15	49.5	0.00409836	0.198167	6.98969e-05	127.552	5.90468e-05	1.26274e+06	308	1	-0.247081	0	5	-0.235702	0.5
OTU_103	5	0.1	15	13	0.0102459	0.197608	0.00482896	126.015	0.00489103	1.03185e+06	382	2	-0.544514	0.48	1	-0.430698	0.48
OTU_10345	3	1	14	29.6667	0.00614754	0.212486	0	132.756	0	3.77574e+06	269	2	-0.753749	0.444444	1	-0.619986	0.444444
OTU_10370	5	0	15	22	0.0102459	0.199294	0.0099564	130.302	0.0099379	1.31307e+06	394	1	0.324041	0	13	0.5	0.64
OTU_1039	1	0	15	36	0.00204918	0.188401	0	116.088	0	146600	171	1	-0.437455	0	3	-0.556747	0
OTU_10401	1	0	14	18	0.00204918	0.176093	0	101.076	0	6355.68	123	2	-0.753749	0	7	-0.408248	0
OTU_1046	8	0.714286	15	11.625	0.0163934	0.181411	0.00194678	113.188	0.00238196	472037	346	5	0.0533791	0.21875	4	-0.0360479	0.21875
OTU_10488	22	0.593074	14	31.3182	0.045082	0.228414	0.00283456	158.793	0.00299157	4.88278e+08	451	0	0.718263	0.0867769	0	0.888626	0.0867769
OTU_106	6	0.466667	11	5	0.0122951	0.154884	0.00639748	84.4207	0.00636845	20.5385	283	6	1.26667	0	6	1.17444	0
OTU_1061	1	0	15	51	0.00204918	0.185165	0	115.545	0	1.92621e+06	190	0	-0.915433	0	0	-0.809966	0
OTU_10632	1	0	16	22	0.00204918	0.161424	0	96.9735	0	1323.17	101	1	-0.437455	0	3	-0.556747	0
OTU_1078	4	0	16	2.75	0.00819672	0.164519	0.00760343	99.5655	0.00760343	9224.35	312	1	0.133667	0	13	1.75	0.375
OTU_108	3	1	16	14	0.00614754	0.157731	0	96.8905	0	270956	174	4	-0.0948374	0	0	-0.640107	0
OTU_1091	2	0	15	49.5	0.00409836	0.198167	6.98969e-05	127.552	5.90468e-05	1.26274e+06	308	1	-0.247081	0	5	-0.235702	0.5
OTU_10917	6	0.466667	13	7.66667	0.0122951	0.194591	0.00149556	113.594	0.00179527	43900.8	341	2	0.292424	0	1	0.137165	0
OTU_1092	2	0	15	49.5	0.00409836	0.198167	6.98969e-05	127.552	5.90468e-05	1.26274e+06	308	1	-0.247081	0	5	-0.235702	0.5
OTU_10998	6	0.6	14	14.3333	0.0122951	0.187477	0.000644517	114.737	0.00081708	66577.3	329	2	0.292424	0	1	0.137165	0
OTU_110	13	0.461538	13	11	0.0266393	0.117922	0.127507	80.2869	0.125223	2319.69	333	3	1.38235	0	2	1.31209	0
OTU_1101	19	0.631579	15	29.5263	0.0389344	0.20583	0.000953961	143.169	0.0010406	3.34937e+08	423	0	0.554893	0	0	0.718767	0
OTU_11034	2	1	15	14	0.00409836	0.174848	0	104.756	0	4026.13	155	2	-0.544514	0	1	-0.619986	0
OTU_11054	4	0.166667	15	4.75	0.00819672	0.183069	0.00796043	111.705	0.00819727	23923.7	345	7	0.870285	0	10	-0.408248	0.625
OTU_111	16	0.266667	14	13.4375	0.0327869	0.215868	0.0357875	142.413	0.0340135	4.09171e+06	459	2	1.75707	0.304688	1	1.0836	0.476562
OTU_1119	3	1	15	27	0.00614754	0.184111	0	116.062	0	5.73016e+06	228	0	-0.752063	0	0	-0.640107	0
OTU_112	20	0.252632	14	8.3	0.0409836	0.106377	0.0210111	77.9265	0.021298	4155.66	323	3	2.6503	0	2	2.56119	0
OTU_11276	7	0.190476	15	26.1429	0.0143443	0.211206	0.00787694	143.439	0.00828065	4.08612e+06	432	2	-0.544514	0.734694	1	-0.430698	0.734694
OTU_11326	3	0.333333	16	5.66667	0.00614754	0.0877526	1.43598e-05	56.12	1.75173e-05	34.8035	173	3	-0.429006	0	16	0	0.444444
OTU_1140	5	0	15	24	0.0102459	0.205528	0.0021831	135.102	0.00209942	2.76136e+06	385	1	0.133667	0.32	0	-0.640107	0.56
OTU_11423	2	0	4	2.5	0.00409836	0.00754471	2.94543e-05	4.66667	2.94543e-05	2.33818	140	8	-0.204124	0	43	0	0.5
OTU_115	19	0.22807	14	10.6316	0.0389344	0.212058	0.033419	140.58	0.0347092	1.39344e+06	454	2	2.80324	0.099723	1	1.84075	0.33241
OTU_116	12	0.5	14	26.5833	0.0245902	0.215646	0.00407798	140.66	0.00415875	1.20492e+08	438	0	-0.0169003	0	0	0.124259	0
OTU_117	15	0.190476	15	7.13333	0.0307377	0.0970483	0.0461118	72.0812	0.0460919	1373.13	314	3	1.56349	0.124444	2	1.66898	0
OTU_1172	1	0	15	26	0.00204918	0.0958974	0	61.1812	0	55.6443	49	3	-0.791278	0	2	-0.829239	0
OTU_1173	1	0	16	22	0.00204918	0.161424	0	96.9735	0	1323.17	101	1	-0.437455	0	3	-0.556747	0
OTU_11791	9	0.861111	16	11	0.0184426	0.153136	2.07583e-05	93.8774	2.07583e-05	7910.98	256	5	0.501763	0	4	0.420559	0
OTU_118	1	0	15	19	0.00204918	0.179322	0	107.245	0	435915	150	0	-0.915433	0	0	-0.809966	0
OTU_119	18	0.503268	14	31.1667	0.0368852	0.237845	0.0231996	164.089	0.0223478	2.09882e+08	472	0	0.228154	0.290123	0	0.294119	0.382716
OTU_1190	1	0	15	63	0.00204918	0.195314	0	124.102	0	548843	192	1	-0.437455	0	5	-0.235702	0
OTU_11931	1	0	15	48	0.00204918	0.182513	0	113.012	0	1.93249e+06	182	0	-0.915433	0	0	-0.809966	0
OTU_12	2	0	2	1.5	0.00409836	0.00461066	1.6831e-05	2.5	1.6831e-05	2.22726	134	12	1	0	14	1	0
OTU_1202	3	1	15	17.6667	0.00614754	0.0961386	0	62.9145	0	322.281	90	3	-0.429006	0	2	-0.472351	0
OTU_1203	15	0.72381	14	30.8	0.0307377	0.220393	0.000403189	146.176	0.000429439	2.23367e+08	418	0	0.228154	0	0	0.379048	0
OTU_12094	7	0.52381	14	9.28571	0.0143443	0.183389	0.00119469	111.137	0.0012673	21010.9	325	2	0.501659	0	1	0.326453	0
OTU_121	20	0.342105	14	10.2	0.0409836	0.106973	0.0495053	80.4099	0.0460937	5246.41	338	3	2.6503	0	2	2.56119	0
OTU_1211	2	0	16	5	0.00409836	0.161984	0.00380382	96.2501	0.00380382	1099.31	259	1	-0.247081	0	24	0	0.5
OTU_1228	3	0	15	40.3333	0.00614754	0.199957	0.000610534	130.302	0.000490584	1.34556e+06	351	1	-0.0567071	0	3	-0.304746	0.444444
OTU_123	1	0	15	12	0.00204918	0.168339	0	97.6616	0	1155.69	111	2	-0.753749	0	1	-0.809274	0
OTU_12310	22	0.255411	14	17.4091	0.045082	0.229286	0.0248256	158.123	0.0249585	8.50015e+07	467	0	0.636578	0.165289	0	0.888626	0.0867769
OTU_12359	1	0	15	6	0.00204918	0.167601	0	95.7692	0	2039.9	110	10	-0.866025	0	12	-0.866025	0
OTU_124	2	1	14	16.5	0.00409836	0.18387	0	108.744	0	14396.3	180	2	-0.544514	0	7	-0.408248	0.5
OTU_1251	2	1	17	5.5	0.00409836	0.131533	0	75.3057	0	19.5576	85	5	-1.06758	0	27	0	0.5
OTU_12516	2	1	15	26	0.00409836	0.18299	0	113.079	0	3.3251e+06	210	0	-0.833748	0	0	-0.725036	0
OTU_1253	6	0.333333	14	31.6667	0.0122951	0.218674	0.00514775	143.139	0.00563143	3.48929e+06	420	2	-0.544514	0.611111	1	-0.430698	0.611111
OTU_12543	13	0.692308	15	30.6154	0.0266393	0.199578	0.00109984	135.929	0.00128758	1.62117e+08	400	0	-0.0169003	0.142012	0	0.209189	0
OTU_12580	2	1	15	27	0.00409836	0.190018	0	117.785	0	1.56966e+06	219	0	-0.833748	0	0	-0.725036	0
OTU_126	4	0	16	3.75	0.00819672	0.150883	0.0301192	89.3235	0.0301192	43.6455	294	9	1.33395	0.375	42	0	0.75
OTU_1265	1	0	1	1	0.00204918	0.00204918	0	1	0	1.54308	13	18	0	0	39	0	0
OTU_12734	3	0.333333	4	3	0.00614754	0.00922131	6.31164e-05	5.58333	6.31164e-05	3.79686	162	8	0.816497	0	8	0	0.444444
OTU_1278	3	0	15	40.3333	0.00614754	0.199957	0.000610534	130.302	0.000490584	1.34556e+06	351	1	-0.0567071	0	3	-0.304746	0.444444
OTU_128	12	0.212121	13	7.25	0.0245902	0.117461	0.0659635	77.7035	0.0682104	882.504	316	3	1.20122	0	2	0.776756	0.291667
OTU_129	16	0.458333	15	21.375	0.0327869	0.21743	0.00777452	150.572	0.00829614	7.31737e+07	456	0	0.146469	0.21875	0	0.209189	0.304688
OTU_1298	1	0	15	2	0.00204918	0.093822	0	52.7622	0	1.67168	28	3	-0.791278	0	34	0	0
OTU_13	4	0.333333	10	5.25	0.00819672	0.162547	0.220323	87.4024	0.220323	9.2029	303	6	0.369446	0	6	-0.146805	0.375
OTU_131	10	0.2	10	3.9	0.0204918	0.185002	0.260539	102.496	0.260519	144.126	365	6	2.61251	0.18	6	2.49569	0.18
OTU_1313	3	1	14	13.6667	0.00614754	0.105101	0	65.8289	0	201.971	97	3	-0.429006	0	2	-0.472351	0
OTU_13164	1	0	3	2	0.00204918	0.00307377	0	1.83333	0	1.59061	21	12	-1	0	14	-1	0
OTU_13168	9	0.833333	15	31.1111	0.0184426	0.189761	0.000942643	125.545	0.000779898	7.37331e+07	377	0	-0.343639	0.197531	0	-0.130529	0
OTU_13177	42	0.30662	13	23.0238	0.0860656	0.259735	0.0799868	183.217	0.0789523	8.94871e+08	486	0	2.02522	0.218821	0	2.2475	0.217687
OTU_132	28	0.436508	14	26.75	0.057377	0.24098	0.00992178	170.973	0.0102496	4.9231e+08	474	0	1.20837	0.0688776	0	1.31327	0.135204
OTU_13294	1	0	15	63	0.00204918	0.195314	0	124.102	0	548843	192	1	-0.437455	0	5	-0.235702	0
OTU_1337	2	1	15	47.5	0.00409836	0.199105	0	129.302	0	2.35346e+06	234	1	-0.437455	0.5	5	-0.235702	0.5
OTU_134	24	0.322464	14	20.375	0.0491803	0.230923	0.0239829	158.88	0.023508	1.62267e+08	473	0	0.554893	0.34375	0	0.718767	0.329861
OTU_135	6	1	16	12.1667	0.0122951	0.152802	0	91.8774	0	5045.15	164	5	-0.170813	0	4	-0.264351	0
OTU_136	8	0.785714	14	13.5	0.0163934	0.105949	6.79738e-05	71.2599	7.13917e-05	1431.48	231	3	0.476674	0	2	0.419868	0
OTU_1360	16	0.233333	14	8.5625	0.0327869	0.196684	0.00881684	126.358	0.0092741	250808	396	2	2.17554	0.117188	1	1.84075	0.117188
OTU_137	28	0.343915	14	21.5357	0.057377	0.23105	0.0122554	161.506	0.0119786	2.86234e+08	471	0	1.20837	0.0688776	0	1.31327	0.132653
OTU_1370	1	0	11	10	0.00204918	0.154316	0	81.1707	0	2.77388	61	6	-0.976393	0	6	-1.02764	0
OTU_13791	5	0.7	15	16.2	0.0102459	0.0964694	0.000136213	65.8312	0.000136916	606.884	220	3	-0.0667343	0	2	-0.115464	0
OTU_1382	12	0.772727	14	35.4167	0.0245902	0.229787	0.000390601	154.223	0.000376358	1.27243e+08	416	0	-0.0985851	0.152778	0	0.0393298	0.152778
OTU_1387	1	0	16	9	0.00204918	0.167668	0	100.956	0	3204.84	117	1	-0.437455	0	3	-0.556747	0
OTU_1396	3	0	15	35.3333	0.00614754	0.198354	0.000267042	128.219	0.000246394	1.30897e+06	342	1	-0.0567071	0	3	-0.304746	0.444444
OTU_14	51	0.252549	14	19.2157	0.104508	0.231177	0.067688	171.61	0.0685589	1.10454e+09	483	0	2.6787	0.211457	0	3.43651	0
OTU_140	12	0.272727	14	10.4167	0.0245902	0.205528	0.00754773	131.189	0.00825154	655087	413	2	1.12936	0.291667	1	1.27289	0
OTU_141	26	0.224615	14	8	0.0532787	0.106918	0.0591085	82.3265	0.0620917	6189.67	340	3	3.73712	0	2	3.45341	0.0739645
OTU_14293	15	0.285714	15	9.26667	0.0307377	0.0969811	0.00784814	72.2312	0.00745745	2196.45	295	3	1.74463	0	2	1.49053	0.124444
OTU_143	5	0.5	15	9.8	0.0102459	0.0960508	0.00380662	63.6812	0.00380662	223.905	245	3	-0.0667343	0	2	-0.115464	0
OTU_1434	7	0	15	7	0.0143443	0.184921	0.000394731	116.105	0.000507757	237947	335	1	0.704789	0	3	0.95526	0
OTU_14351	9	0.5	15	12.1111	0.0184426	0.096558	0.000595607	67.9979	0.000608473	1387.11	242	3	0.657809	0	2	0.598312	0
OTU_144	9	0.611111	15	23.4444	0.0184426	0.187728	0.00380987	122.629	0.00381033	4.79781e+07	388	0	-0.261955	0	0	-0.130529	0
OTU_14574	19	0.532164	14	26.1579	0.0389344	0.22214	0.0151691	149.926	0.0148266	2.49953e+08	463	0	0.473208	0.099723	0	0.633837	0.099723
OTU_146	1	0	19	7	0.00204918	0.0689022	0	40.3868	0	2.11338	27	11	-1.01559	0	9	-1.1717	0
OTU_14601	4	1	16	13.75	0.00819672	0.152691	0	90.8774	0	3952.49	148	5	-0.619197	0	4	-0.720958	0
OTU_14617	2	0	3	3.5	0.00409836	0.00922131	8.41552e-05	5.16667	8.41552e-05	2.47205	149	8	-0.204124	0	8	0	0
OTU_14733	4	0.333333	16	8	0.00819672	0.157849	0.000322013	97.4739	0.000778331	127226	279	4	0.216771	0	0	-0.555177	0
OTU_14736	14	0.527473	15	9.57143	0.0286885	0.182118	0.0277651	116.688	0.0281034	497652	390	5	1.39853	0.132653	4	1.33377	0.132653
OTU_1479	6	0	15	7.5	0.0122951	0.184921	0.00402466	115.688	0.00406143	178359	356	1	0.514415	0	3	0.703259	0
OTU_148	2	1	15	13.5	0.00409836	0.173549	0	103.532	0	3119.88	152	2	-0.544514	0	11	-0.515711	0.5
OTU_14864	5	0	15	7.8	0.0102459	0.182118	0.00364654	112.788	0.00341091	121930	336	1	0.324041	0	3	0.199257	0.32
OTU_1487	2	0	16	5	0.00409836	0.161984	0.00380382	96.2501	0.00380382	1099.31	260	1	-0.247081	0	33	0	0.5
OTU_15	32	0.284274	14	20.9688	0.0655738	0.239607	0.0323987	171.389	0.0322015	3.60766e+08	478	0	0.963317	0.412109	0	1.14341	0.419922
OTU_150	9	0.611111	14	31.1111	0.0184426	0.224992	0.000804935	149.173	0.000875026	4.44587e+07	408	0	-0.343639	0.197531	0	-0.215459	0.197531
OTU_1504	1	0	1	1	0.00204918	0.00204918	0	1	0	1.54308	3	23	0	0	40	0	0
OTU_151	2	1	16	7	0.00409836	0.162485	0	96.3104	0	1543.78	138	7	-0.326357	0	10	-0.408248	0
OTU_1513	22	0	15	4.36364	0.045082	0.195314	0.0262624	132.558	0.02672	753173	429	1	2.60853	0.376033	3	3.72727	0.318182
OTU_15204	1	0	1	1	0.00204918	0.00204918	0	1	0	1.54308	6	16	0	0	28	0	0
OTU_15640	1	0	15	24	0.00204918	0.185002	0	111.665	0	283107	165	0	-0.915433	0	0	-0.809966	0
OTU_1589	2	1	15	51.5	0.00409836	0.204429	0	133.615	0	1.74027e+06	243	1	-0.437455	0.5	1	-0.809274	0.5
OTU_15903	3	0.666667	15	20.3333	0.00614754	0.0963368	8.38747e-05	64.2479	8.50903e-05	285.634	206	3	-0.429006	0	2	-0.472351	0
OTU_16045	7	0.857143	15	32	0.0143443	0.198167	6.32427e-06	130.429	7.49382e-06	5.60237e+07	360	0	-0.425324	0	0	-0.300389	0
OTU_161	19	0.608187	15	27	0.0389344	0.206335	0.00125146	143.435	0.00156059	2.83585e+08	426	0	0.554893	0	0	0.718767	0
OTU_1610	1	0	19	2	0.00204918	0.101695	0	54.8283	0	1.59227	32	9	-0.848875	0	15	-1	0
OTU_162	1	0	16	9	0.00204918	0.1613	0	95.1937	0	3979.12	107	2	-0.753749	0	1	-0.809274	0
OTU_16427	1	0	16	4	0.00204918	0.142257	0	78.6929	0	5.62445	60	10	-0.866025	0	12	-0.866025	0
OTU_16473	2	1	14	10	0.00409836	0.176167	0	101.576	0	6924.11	158	2	-0.544514	0	7	0	0
OTU_165	4	0.166667	13	8.5	0.00819672	0.194411	0.0125134	112.639	0.0127985	9727.4	358	2	-0.33528	0.375	1	-0.430698	0.375
OTU_167	5	0.3	12	7	0.0102459	0.13031	0.212343	77.9359	0.212369	79.3603	300	3	-0.24787	0.32	2	-0.293908	0.32
OTU_1684	1	0	15	15	0.00204918	0.180013	0	108.138	0	32526.2	145	1	-0.437455	0	3	-0.556747	0
OTU_16896	1	0	17	4	0.00204918	0.139797	0	79.6648	0	17.8629	62	1	-0.437455	0	13	-0.75	0
OTU_170	8	0.571429	14	11.375	0.0163934	0.183709	0.000106476	111.97	0.000118986	56460.3	305	2	0.710894	0	1	0.515741	0
OTU_171	1	0	16	9	0.00204918	0.156207	0	92.4143	0	83702.4	114	0	-0.915433	0	0	-0.809966	0
OTU_17111	1	0	14	18	0.00204918	0.176093	0	101.076	0	6355.68	123	2	-0.753749	0	7	-0.408248	0
OTU_17156	4	0.666667	14	17	0.00819672	0.20423	0.000310652	125.856	0.00036276	552050	349	2	-0.33528	0.375	1	-0.24141	0
OTU_1728	4	0	15	31	0.00819672	0.200148	0.0011177	130.969	0.00102777	1.37606e+06	366	1	0.133667	0	3	-0.0527444	0.375
OTU_174	1	0	15	40	0.00204918	0.194231	0	120.815	0	334540	188	0	-0.915433	0	1	-0.809274	0
OTU_17462	1	0	16	4	0.00204918	0.142257	0	78.6929	0	5.62445	59	10	-0.866025	0	12	-0.866025	0
OTU_175	1	0	17	4	0.00204918	0.129827	0	72.7108	0	1.79058	53	9	-0.848875	0	42	0	0
OTU_176	11	0.454545	14	15	0.022541	0.194681	0.00383837	125.135	0.00382613	324678	380	2	1.3386	0	1	0.894316	0.165289
OTU_1769	5	0	16	4.4	0.0102459	0.171218	0.00395094	106.639	0.00405314	31086.8	324	1	0.324041	0	17	1.41421	0.64
OTU_1773	1	0	15	15	0.00204918	0.180013	0	108.138	0	32526.2	143	1	-0.437455	0	3	-0.556747	0
OTU_17787	5	1	15	31.8	0.0102459	0.185084	0	117.712	0	2.66374e+07	247	0	-0.588694	0	0	-0.470248	0
OTU_179	1	0	16	22	0.00204918	0.157318	0	95.2239	0	73926.5	116	4	-0.718054	0	0	-0.809966	0
OTU_17935	1	0	1	1	0.00204918	0.00204918	0	1	0	1.54308	1	20	0	0	29	0	0
OTU_18	1	0	14	30	0.00204918	0.182513	0	107.304	0	6662.64	135	2	-0.753749	0	1	-0.809274	0
OTU_180	9	0.416667	14	8.77778	0.0184426	0.190967	0.00669178	118.27	0.00673287	53228.2	373	2	0.920128	0	1	0.705028	0
OTU_18010	1	0	16	5	0.00204918	0.154259	0	90.1239	0	20849.2	100	4	-0.718054	0	0	-0.809966	0
OTU_1802	1	0	1	1	0.00204918	0.00204918	0	1	0	1.54308	3	22	0	0	38	0	0
OTU_181	2	1	11	6.5	0.00409836	0.154372	0	81.6707	0	4.58605	88	6	-0.52778	0	6	-0.58722	0
OTU_18117	1	0	16	3	0.00204918	0.161673	0	95.1013	0	966.601	95	1	-0.437455	0	20	-0.707107	0
OTU_18250	1	0	1	1	0.00204918	0.00204918	0	1	0	1.54308	12	21	0	0	37	0	0
OTU_1826	1	0	14	4	0.00204918	0.160807	0	88.1476	0	19.054	78	2	-0.753749	0	1	-0.809274	0
OTU_18343	1	0	17	5	0.00204918	0.144605	0	83.8302	0	56.2486	67	1	-0.437455	0	17	-0.707107	0
OTU_1835	2	0	15	32	0.00409836	0.195495	0.00380382	124.769	0.00380382	550765	344	1	-0.247081	0	30	0	0.5
OTU_1841	1	0	1	1	0.00204918	0.00204918	0	1	0	1.54308	18	19	0	0	23	0	0
OTU_185	13	0.525641	14	11.6923	0.0266393	0.106351	0.00366329	75.1765	0.0033873	2954.6	280	3	1.38235	0	2	1.31209	0
OTU_18617	1	0	17	16	0.00204918	0.142885	0	84.1302	0	127.805	69	5	-1.29177	0	4	-1.40587	0
OTU_1862	1	0	1	1	0.00204918	0.00204918	0	1	0	1.54308	13	23	0	0	40	0	0
OTU_18641	4	0.666667	14	33	0.00819672	0.210782	0.000118529	132.943	0.000171495	1.73546e+07	369	0	-0.670379	0	0	-0.555177	0
OTU_18671	6	0.733333	14	12.5	0.0122951	0.190708	0.000153095	116.77	0.000205239	50304	321	2	0.292424	0	1	0.137165	0
OTU_187	5	0.5	16	11.2	0.0102459	0.158206	0.00380971	98.8072	0.0038096	495000	315	4	0.52838	0	0	-0.470248	0
OTU_188	2	1	17	5.5	0.00409836	0.131533	0	75.3057	0	19.5576	85	5	-1.06758	0	27	0	0.5
OTU_18890	2	0	16	4.5	0.00409836	0.155918	5.19171e-05	92.9072	0.000101736	25374.9	230	4	-0.406446	0	0	-0.725036	0
OTU_19	1	0	1	1	0.00204918	0.00204918	0	1	0	1.54308	17	17	0	0	35	0	0
OTU_190	3	0.666667	16	12	0.00614754	0.157849	1.2687e-05	97.2239	1.38756e-05	177655	248	4	-0.0948374	0	0	-0.640107	0
OTU_19050	1	0	16	2	0.00204918	0.154486	0	88.1548	0	770.864	81	15	0	0	26	0	0
OTU_191	29	0.480296	14	29.8966	0.0594262	0.243915	0.0380182	174.189	0.0368869	6.55453e+08	481	0	1.20837	0.130797	0	1.31327	0.192628
OTU_19222	3	0.333333	12	10	0.00614754	0.193873	0.00554769	109.335	0.0065528	14716.1	336	2	-0.33528	0	1	-0.619986	0.444444
OTU_19287	1	0	16	15	0.00204918	0.0878809	0	55.77	0	14.1673	35	3	-0.791278	0	2	-0.829239	0
OTU_1934	3	0.333333	15	10.6667	0.00614754	0.095985	0.00103399	62.5145	0.00197682	74.2946	216	3	-0.429006	0	16	0	0.444444
OTU_194	13	0.384615	13	14.6154	0.0266393	0.219588	0.0114425	138.508	0.0116996	1.05748e+06	441	2	1.54783	0.142012	1	1.46218	0
OTU_1947	1	0	16	5	0.00204918	0.164134	0	97.5655	0	2294.6	112	1	-0.437455	0	13	-0.75	0
OTU_196	10	0.733333	14	31.4	0.0204918	0.215536	0.000295765	140.11	0.000379349	1.0531e+08	395	0	-0.18027	0	0	-0.0455998	0
OTU_197	9	0.25	15	9.11111	0.0184426	0.187812	0.00378694	120.687	0.00412562	106766	364	2	0.710894	0.197531	1	0.515741	0.197531
OTU_19707	1	0	15	13	0.00204918	0.179169	0	106.605	0	219543	147	0	-0.915433	0	0	-0.809966	0
OTU_19766	1	0	16	22	0.00204918	0.157318	0	95.2239	0	73926.5	117	4	-0.718054	0	0	-0.809966	0
OTU_19805	2	1	14	25	0.00409836	0.200434	0	122.076	0	762041	227	2	-0.753749	0.5	7	-0.408248	0.5
OTU_1988	14	0.681319	15	30.5	0.0286885	0.204827	0.000408451	139.919	0.000435231	1.94146e+08	402	0	0.146469	0	0	0.294119	0
OTU_19958	1	0	15	63	0.00204918	0.195314	0	124.102	0	548843	192	1	-0.437455	0	5	-0.235702	0
OTU_2	4	0.166667	3	2.25	0.00819672	0.010374	0.000138856	6.16667	0.000138856	4.62523	186	8	1.83712	0	8	2	0
OTU_20	2	0	1	1	0.00409836	0.00409836	8.41552e-06	2	8.41552e-06	2.17818	132	13	1.41421	0	21	1.41421	0
OTU_200	43	0.332226	13	24.7209	0.0881148	0.261674	0.0817686	185.067	0.0783512	1.04084e+09	488	0	2.27027	0.1298	0	2.41736	0.174148
OTU_20055	1	0	5	3	0.00204918	0.00614754	0	3.7	0	1.66764	24	8	-1.22474	0	8	-1	0
OTU_20058	1	0	15	63	0.00204918	0.195314	0	124.102	0	548843	192	1	-0.437455	0	5	-0.235702	0
OTU_20094	1	0	17	5	0.00204918	0.135212	0	78.2719	0	867.594	68	4	-0.718054	0	0	-0.809966	0
OTU_202	5	0.7	10	6	0.0102459	0.158743	0.00191622	85.7452	0.00193557	19.226	257	6	0.818059	0	6	0.734025	0
OTU_2027	1	0	15	63	0.00204918	0.195314	0	124.102	0	548843	192	1	-0.437455	0	5	-0.235702	0
OTU_20278	3	1	15	12.3333	0.00614754	0.175432	0	105.446	0	12055.1	181	2	-0.33528	0	1	-0.430698	0
OTU_20360	5	0.3	15	15.6	0.0102459	0.199862	0.00194336	127.799	0.00215509	2.98251e+06	378	1	-0.247081	0.48	0	-0.470248	0
OTU_20452	1	0	16	6	0.00204918	0.154259	0	89.2632	0	313.911	80	1	-0.437455	0	3	-0.556747	0
OTU_206	4	0.833333	14	33.75	0.00819672	0.210676	2.04174e-05	131.96	2.76777e-05	1.36023e+07	357	0	-0.670379	0	0	-0.555177	0
OTU_207	3	0	17	2.33333	0.00614754	0.130068	0.0113778	74.2941	0.0113778	3.23276	251	9	1.33395	0	15	1	0.444444
OTU_20797	34	0.383244	15	21.1176	0.0696721	0.208794	0.0157836	152.835	0.0153121	5.46954e+08	465	0	1.37174	0.250865	0	1.99271	0
OTU_208	1	0	16	15	0.00204918	0.0878809	0	55.77	0	14.1673	33	3	-0.791278	0	2	-0.829239	0
OTU_20810	5	0.7	11	6	0.0102459	0.154827	0.00259366	83.9207	0.00256463	18.9556	255	6	0.818059	0	6	0.734025	0
OTU_21	17	0.272059	15	12.5294	0.0348361	0.18857	0.0143686	127.379	0.0148466	2.9494e+07	428	4	2.39803	0.456747	0	0.548907	0
OTU_211	10	0.533333	14	18.3	0.0204918	0.213132	0.00397585	137.713	0.00400225	2.19472e+06	415	2	0.710894	0.32	1	0.705028	0.18
OTU_21239	11	0.709091	15	30.5455	0.022541	0.199388	0.00237451	134.929	0.00264742	1.07096e+08	404	0	-0.18027	0.165289	0	0.0393298	0
OTU_21262	9	0.388889	14	25.7778	0.0184426	0.220393	0.0134712	145.53	0.0130885	3.91713e+06	448	2	0.292424	0.493827	1	0.326453	0.37037
OTU_21361	30	0.427586	15	22.9333	0.0614754	0.208276	0.00821221	150.585	0.0081683	5.38022e+08	461	0	1.37174	0.0644444	0	1.65299	0
OTU_21434	2	1	15	8	0.00409836	0.158563	0	91.0819	0	263.943	121	2	-0.544514	0	1	-0.619986	0
OTU_215	3	1	15	30	0.00614754	0.186645	0	118.879	0	3.55904e+06	229	4	-0.406446	0.444444	0	-0.640107	0
OTU_21522	5	0.1	11	6.8	0.0102459	0.211844	0.259222	118.555	0.259458	61810.3	398	2	-0.33528	0.56	1	-0.430698	0.56
OTU_2155	1	0	16	9	0.00204918	0.161859	0	95.5834	0	1094.82	98	1	-0.437455	0	0	-0.809966	0
OTU_21582	7	0.047619	15	19.5714	0.0143443	0.206944	0.0113944	138.352	0.0122561	1.07606e+07	434	1	0.133667	0.571429	0	-0.470248	0.44898
OTU_216	4	0.666667	15	11.5	0.00819672	0.180477	0.000459639	110.67	0.000893258	21267.6	298	2	-0.126045	0	11	0.206284	0.5
OTU_2172	15	0.0285714	14	16.9333	0.0307377	0.223201	0.0386626	151.226	0.0386733	1.86436e+07	462	1	1.65666	0.32	3	1.96327	0.417778
OTU_21739	3	0	4	1.66667	0.00614754	0.00829918	8.8363e-05	5.25	8.8363e-05	3.03059	165	8	0.816497	0	8	0	0.444444
OTU_21837	7	0.380952	14	17.2857	0.0143443	0.213457	0.00791543	135.506	0.00769966	7.66558e+06	430	2	-0.126045	0.489796	1	-0.0521227	0.408163
OTU_21841	2	1	15	13	0.00409836	0.175213	0	104.413	0	6928.96	160	2	-0.544514	0	1	-0.619986	0
OTU_21849	1	0	17	2	0.00204918	0.137963	0	77.8461	0	3.51869	57	1	-0.437455	0	33	0	0
OTU_2191	1	0	16	15	0.00204918	0.0878259	0	55.7866	0	21.1671	39	3	-0.791278	0	2	-0.829239	0
OTU_21915	6	0.6	15	9.16667	0.0122951	0.176908	0.00010194	108.396	0.000104423	18502.5	291	2	0.292424	0	1	0.137165	0
OTU_21937	1	0	13	12	0.00204918	0.169015	0	94.4233	0	175.238	94	2	-0.753749	0	1	-0.809274	0
OTU_22049	1	0	15	26	0.00204918	0.18681	0	113.869	0	298393	177	0	-0.915433	0	0	-0.809966	0
OTU_22051	1	0	16	9	0.00204918	0.162171	0	95.3437	0	1278.14	99	7	-0.924678	0	10	-1.12268	0
OTU_22064	1	0	5	3	0.00204918	0.00592799	0	3.61667	0	1.64152	23	8	-1.22474	0	8	-1	0
OTU_22141	2	1	17	13.5	0.00409836	0.142933	0	84.6302	0	255.688	107	5	-1.06758	0	4	-1.17756	0
OTU_22242	3	0.333333	15	14	0.00614754	0.182197	0.00140936	112.537	0.00176384	16166.7	299	2	-0.544514	0.444444	11	-0.515711	0.666667
OTU_2230	2	1	15	51.5	0.00409836	0.204429	0	133.615	0	1.74027e+06	243	1	-0.437455	0.5	1	-0.809274	0.5
OTU_22338	4	0.833333	15	14	0.00819672	0.0960508	8.01479e-06	63.3479	9.35058e-06	300.812	204	3	-0.24787	0	2	-0.293908	0
OTU_22366	1	0	15	20	0.00204918	0.0959412	0	60.7479	0	47.2881	48	3	-0.791278	0	2	-0.829239	0
OTU_22456	1	0	16	5	0.00204918	0.162988	0	95.4985	0	1805.67	109	2	-0.753749	0	1	-0.809274	0
OTU_225	13	0.448718	14	29.7692	0.0266393	0.221905	0.0395078	147.626	0.0398863	1.25899e+08	464	0	-0.18027	0.35503	0	-0.0455998	0.35503
OTU_22558	3	0	15	21.6667	0.00614754	0.195677	0.00759922	125.435	0.00759922	552697	370	1	-0.0567071	0	20	1.41421	0.444444
OTU_226	5	0.8	16	19.4	0.0102459	0.17234	0.000341874	111.987	0.000534603	4.23154e+06	327	4	-0.0948374	0.48	0	-0.470248	0
OTU_22658	4	0.5	15	8.25	0.00819672	0.184515	3.99737e-05	113.295	4.36555e-05	248492	295	0	-0.670379	0	0	-0.555177	0
OTU_22698	2	0	15	21.5	0.00409836	0.18857	6.39009e-05	116.754	9.21956e-05	162627	287	1	-0.247081	0	3	-0.304746	0
OTU_22728	4	1	15	42.75	0.00819672	0.204131	0	133.569	0	2.59282e+07	274	0	-0.670379	0	0	-0.555177	0
OTU_22802	2	0	3	2.5	0.00409836	0.00829918	4.20776e-05	4.83333	4.20776e-05	2.36651	146	8	-0.204124	0	43	0	0.5
OTU_22899	1	0	14	30	0.00204918	0.182513	0	107.304	0	6662.64	136	2	-0.753749	0	1	-0.809274	0
OTU_2293	13	0.576923	16	9.30769	0.0266393	0.168609	0.004192	108.42	0.0043173	62626.6	350	5	1.39853	0	4	1.33377	0
OTU_22981	3	0.666667	10	5.33333	0.00614754	0.158384	0.000290336	84.1619	0.000290336	6.71989	224	6	-0.079167	0	6	-0.146805	0
OTU_23	1	0	12	3	0.00204918	0.132611	0	68.882	0	1.68239	50	6	-0.976393	0	6	-1.02764	0
OTU_2303	1	0	19	7	0.00204918	0.0689022	0	40.3868	0	2.11338	26	11	-1.01559	0	9	-1.1717	0
OTU_2304	1	0	15	36	0.00204918	0.188401	0	116.088	0	146600	170	1	-0.437455	0	3	-0.556747	0
OTU_23060	2	0	15	34	0.00409836	0.196868	0.000193251	125.919	0.000256528	667651	317	1	-0.247081	0	0	-0.809966	0.5
OTU_23091	3	1	13	11	0.00614754	0.185984	0	106.334	0	3885.29	187	2	-0.33528	0	1	-0.430698	0
OTU_23115	2	1	17	7.5	0.00409836	0.14596	0	88.335	0	17564.7	130	4	-0.406446	0	0	-0.725036	0
OTU_232	20	0.6	15	27.5	0.0409836	0.206842	0.00354662	145.002	0.00353065	3.00074e+08	440	0	0.391524	0.255	0	0.803696	0
OTU_23319	1	0	14	18	0.00204918	0.176093	0	101.076	0	6355.68	123	2	-0.753749	0	7	-0.408248	0
OTU_23377	2	0	15	6	0.00409836	0.0953754	2.89399e-05	58.7169	4.28958e-05	17.3645	161	3	-0.610142	0	2	-0.650795	0
OTU_23738	1	0	15	63	0.00204918	0.195314	0	124.102	0	548843	192	1	-0.437455	0	5	-0.235702	0
OTU_238	7	0.285714	18	2.85714	0.0143443	0.0744134	0.00761465	47.514	0.00761465	15.7428	250	11	1.87083	0	9	1.95283	0
OTU_23828	7	0	15	20	0.0143443	0.204628	0.0106966	136.432	0.0107449	1.44931e+06	420	1	0.514415	0.244898	3	-0.0527444	0.734694
OTU_23906	16	0.566667	14	28.3125	0.0327869	0.225233	0.00107572	150.789	0.00105829	1.80914e+08	431	0	0.309839	0	0	0.379048	0.117188
OTU_240	4	0.833333	18	4.75	0.00819672	0.0743739	2.80517e-06	46.014	2.80517e-06	10.56	169	11	0.427618	0	9	0.390567	0
OTU_24061	1	0	15	2	0.00204918	0.093822	0	52.7622	0	1.67168	29	3	-0.791278	0	31	0	0
OTU_24085	2	0	16	2.5	0.00409836	0.15308	0.00380382	88.037	0.00380382	44.3636	235	7	-0.326357	0	32	0	0.5
OTU_24090	11	0.6	16	9.18182	0.022541	0.153247	0.000509503	94.8774	0.000944429	8193.89	289	5	0.950148	0	4	0.877166	0
OTU_24102	1	0	15	48	0.00204918	0.182513	0	113.012	0	1.93249e+06	182	0	-0.915433	0	0	-0.809966	0
OTU_2412	1	0	12	6	0.00204918	0.132779	0	69.4653	0	2.16978	54	6	-0.976393	0	6	-1.02764	0
OTU_242	2	1	14	25	0.00409836	0.200434	0	122.076	0	762041	226	2	-0.753749	0.5	7	-0.408248	0.5
OTU_24324	1	0	15	20	0.00204918	0.095462	0	59.4169	0	37.9408	42	3	-0.791278	0	2	-0.829239	0
OTU_24385	1	0	3	2	0.00204918	0.00307377	0	1.83333	0	1.59061	22	12	-1	0	14	-1	0
OTU_244	12	0.590909	14	12.9167	0.0245902	0.106324	0.00613045	74.7599	0.00576281	2974.38	292	3	1.20122	0	2	1.13364	0
OTU_24474	1	0	16	15	0.00204918	0.0878809	0	55.77	0	14.1673	34	3	-0.791278	0	2	-0.829239	0
OTU_245	1	0	16	22	0.00204918	0.157318	0	95.2239	0	73926.5	120	4	-0.718054	0	0	-0.809966	0
OTU_24536	1	0	16	7	0.00204918	0.167734	0	100.756	0	2533.29	115	1	-0.437455	0	3	-0.556747	0
OTU_24660	1	0	1	1	0.00204918	0.00204918	0	1	0	1.54308	8	24	0	0	41	0	0
OTU_24748	2	1	18	6.5	0.00409836	0.0743476	0	45.014	0	4.49679	55	11	-0.534522	0	9	-0.650945	0
OTU_248	1	0	12	5	0.00204918	0.132695	0	69.2153	0	2.05631	51	6	-0.976393	0	6	-1.02764	0
OTU_24893	1	0	15	36	0.00204918	0.188401	0	116.088	0	146600	171	1	-0.437455	0	3	-0.556747	0
OTU_25138	1	0	16	6	0.00204918	0.1572	0	91.0691	0	263.438	84	1	-0.437455	0	3	-0.556747	0
OTU_25187	1	0	2	2	0.00204918	0.00273224	0	1.5	0	1.58909	19	13	-0.707107	0	21	-0.707107	0
OTU_25345	3	1	15	15.3333	0.00614754	0.0960069	0	62.6812	0	176.828	87	3	-0.429006	0	2	-0.472351	0
OTU_25392	3	0.666667	14	17.3333	0.00614754	0.184031	0.000235828	110.104	0.000241023	11798.7	285	2	-0.33528	0	1	-0.430698	0
OTU_25900	18	0.69281	14	31	0.0368852	0.219016	0.00152278	147.243	0.00167705	3.21669e+08	435	0	0.473208	0	0	0.633837	0
OTU_2591	6	0	15	5.66667	0.0122951	0.189163	0.00425312	118.478	0.00460929	149543	363	1	0.324041	0.277778	3	-0.0527444	0.666667
OTU_25972	3	1	15	18.6667	0.00614754	0.0962707	0	63.7479	0	235.885	89	3	-0.429006	0	2	-0.472351	0
OTU_25976	2	0	16	13.5	0.00409836	0.174052	0.000154059	108.168	0.000266181	12666.6	261	1	-0.247081	0	3	-0.556747	0.5
OTU_26	1	0	12	3	0.00204918	0.125264	0	66.3402	0	1.65901	47	6	-0.976393	0	36	0	0
OTU_26168	1	0	16	22	0.00204918	0.161424	0	96.9735	0	1323.17	101	1	-0.437455	0	3	-0.556747	0
OTU_26248	21	0.547619	13	32.3333	0.0430328	0.250155	0.0316083	167.534	0.031363	3.79394e+08	477	0	0.473208	0.253968	0	0.548907	0.331066
OTU_267	4	0.5	13	9.5	0.00819672	0.189334	0.00380382	110.226	0.00380382	15418.9	326	2	-0.126045	0	7	0	0.5
OTU_269	7	0.761905	15	28	0.0143443	0.189419	0.000150363	124.295	0.000245746	2.56486e+07	359	4	-0.0948374	0.489796	0	-0.300389	0
OTU_27	14	0.813187	14	35	0.0286885	0.220393	0.000162172	145.926	0.000192721	2.65102e+08	411	0	0.146469	0	0	0.294119	0
OTU_270	1	0	17	5	0.00204918	0.145204	0	84.0219	0	14.2672	64	7	-0.924678	0	10	-1.12268	0
OTU_273	3	0.333333	14	15.6667	0.00614754	0.183789	0.000308916	109.937	0.000577554	24957.3	290	2	-0.33528	0	1	-0.430698	0
OTU_276	1	0	15	3	0.00204918	0.0937384	0	52.5455	0	1.73883	29	3	-0.791278	0	2	-0.829239	0
OTU_277	1	0	15	48	0.00204918	0.182513	0	113.012	0	1.93249e+06	182	0	-0.915433	0	0	-0.809966	0
OTU_2793	3	0	15	8	0.00614754	0.181882	3.7532e-05	110.755	5.15768e-05	97849.6	275	1	-0.0567071	0	3	-0.0527444	0
OTU_285	10	0.533333	14	15.3	0.0204918	0.207967	0.00142998	132.83	0.00146585	862942	389	2	0.920128	0.18	1	0.894316	0
OTU_292	4	1	14	14.5	0.00819672	0.183149	0	109.637	0	17308.3	208	2	-0.126045	0	1	-0.24141	0
OTU_2932	5	0.4	15	25.8	0.0102459	0.194771	0.00240996	126.452	0.00248049	1.47866e+07	375	0	-0.670379	0.32	0	-0.470248	0
OTU_2944	1	0	15	63	0.00204918	0.195314	0	124.102	0	548843	192	1	-0.437455	0	5	-0.235702	0
OTU_297	15	0.571429	14	26.1333	0.0307377	0.216758	0.0053103	143.81	0.00660876	1.5963e+08	449	0	0.146469	0.124444	0	0.294119	0.124444
OTU_3	2	0	2	1.5	0.00409836	0.00461066	1.6831e-05	2.5	1.6831e-05	2.22726	133	12	1	0	14	1	0
OTU_30	7	0.428571	13	14.7143	0.0143443	0.215425	0.00537524	132.034	0.00606451	555604	401	2	0.292424	0.244898	1	-0.0521227	0.408163
OTU_301	1	0	16	19	0.00204918	0.16523	0	101.229	0	304937	139	0	-0.915433	0	0	-0.809966	0
OTU_302	12	0.606061	15	25.3333	0.0245902	0.200817	0.00325095	135.745	0.00338139	9.81351e+07	410	0	-0.0985851	0.152778	0	0.124259	0
OTU_304	13	0.641026	14	32.0769	0.0266393	0.21822	0.000942182	144.493	0.00121089	1.71282e+08	424	0	0.0647845	0	0	0.209189	0
OTU_307	1	0	15	16	0.00204918	0.162359	0	94.2164	0	455.031	92	2	-0.753749	0	1	-0.809274	0
OTU_31	30	0.170115	13	9.83333	0.0614754	0.227057	0.0612013	151.841	0.0615756	3.77784e+06	468	2	4.89559	0.124444	1	4.49078	0.0644444
OTU_310	9	0.111111	15	7.11111	0.0184426	0.196408	0.012794	126.565	0.0128324	729842	402	7	2.06693	0.493827	10	1.02062	0.691358
OTU_312	1	0	15	55	0.00204918	0.19316	0	122.245	0	2.84659e+06	207	0	-0.915433	0	0	-0.809966	0
OTU_3148	3	1	14	41.3333	0.00614754	0.209417	0	130.493	0	1.23501e+07	269	0	-0.752063	0	0	-0.640107	0
OTU_32	1	0	18	3	0.00204918	0.114114	0	62.6073	0	1.64516	40	9	-0.848875	0	15	-1	0
OTU_326	1	0	15	19	0.00204918	0.179322	0	107.245	0	435915	151	0	-0.915433	0	0	-0.809966	0
OTU_3284	1	0	16	18	0.00204918	0.158623	0	96.1191	0	226603	123	0	-0.915433	0	0	-0.809966	0
OTU_329	2	1	17	13.5	0.00409836	0.142933	0	84.6302	0	255.688	106	5	-1.06758	0	4	-1.17756	0
OTU_33	6	0.0666667	14	7	0.0122951	0.204429	0.0327797	126.126	0.0328227	1.16847e+06	414	10	1.73205	0.5	12	0.866025	0.666667
OTU_335	20	0.4	14	27.75	0.0409836	0.23105	0.0169005	158.989	0.0172796	2.52044e+08	470	0	0.391524	0.265	0	0.633837	0.185
OTU_338	11	0.527273	15	32.1818	0.022541	0.20838	0.00280913	141.952	0.00279481	1.17124e+08	419	0	-0.261955	0.31405	0	-0.0455998	0.165289
OTU_343	1	0	15	5	0.00204918	0.155687	0	86.8723	0	49.8235	76	2	-0.753749	0	1	-0.809274	0
OTU_3446	1	0	16	8	0.00204918	0.150021	0	86.1901	0	40.6397	71	2	-0.753749	0	11	-0.515711	0
OTU_347	1	0	14	30	0.00204918	0.182513	0	107.304	0	6662.64	136	2	-0.753749	0	1	-0.809274	0
OTU_349	1	0	18	3	0.00204918	0.114052	0	62.4739	0	1.64358	37	9	-0.848875	0	18	-0.707107	0
OTU_35	3	0	11	3.33333	0.00614754	0.144754	0.218198	79.5881	0.218198	4.19762	282	6	-0.52778	0.444444	36	0	0.666667
OTU_350	3	1	14	33.6667	0.00614754	0.208276	0	128.443	0	9.97429e+06	264	0	-0.752063	0	0	-0.640107	0
OTU_354	3	0.333333	15	10.6667	0.00614754	0.0960508	0.000139718	62.2479	0.000142947	115.987	205	3	-0.429006	0	2	-0.472351	0
OTU_363	2	0	14	6.5	0.00409836	0.104345	0.00380382	62.1122	0.00380382	10.5732	212	3	-0.610142	0	34	0	0.5
OTU_3634	56	0.271429	14	22.4286	0.114754	0.249709	0.0540206	189.139	0.0529459	1.62843e+09	485	0	3.25049	0.132653	0	3.6913	0.0695153
OTU_364	3	0	16	4.66667	0.00614754	0.171988	0.00391641	105.777	0.00398133	205228	307	14	1.41421	0.444444	22	1.41421	0.444444
OTU_365	1	0	14	4	0.00204918	0.157318	0	86.4671	0	29.0866	73	2	-0.753749	0	7	-0.408248	0
OTU_371	8	0.607143	14	24.75	0.0163934	0.214875	0.00163649	137.86	0.00213042	3.23377e+07	406	0	-0.425324	0.21875	0	-0.300389	0.21875
OTU_3754	1	0	16	2	0.00204918	0.161548	0	94.8513	0	963.171	93	1	-0.437455	0	30	0	0
OTU_38	40	0.173077	14	17.425	0.0819672	0.245482	0.0935576	179.313	0.0895293	1.91667e+08	482	0	0.309839	0.58	1	3.35506	0.5275
OTU_382	10	0.555556	15	13.5	0.0204918	0.0968694	0.00247096	69.7312	0.00224196	1875.19	266	3	0.838945	0	2	0.776756	0
OTU_3822	2	0	15	4	0.00409836	0.167868	0.0075908	96.6858	0.0075908	2047.74	287	10	0	0	19	-0.707107	0.5
OTU_385	3	0.666667	16	14.3333	0.00614754	0.15989	3.16446e-05	100.036	6.56982e-05	586020	267	4	-0.406446	0.444444	0	-0.640107	0
OTU_388	2	1	13	8.5	0.00409836	0.115493	0	67.3059	0	16.5275	79	3	-0.610142	0	2	-0.650795	0
OTU_3895	1	0	1	1	0.00204918	0.00204918	0	1	0	1.54308	15	18	0	0	39	0	0
OTU_390	1	0	14	18	0.00204918	0.176093	0	101.076	0	6355.68	123	2	-0.753749	0	7	-0.408248	0
OTU_394	2	1	15	17.5	0.00409836	0.176982	0	106.396	0	18037.4	167	2	-0.544514	0	1	-0.619986	0
OTU_4	18	0.0980392	13	6.94444	0.0368852	0.217206	0.0367424	138.051	0.0375157	3.63816e+06	458	2	2.17554	0.277778	7	3.26599	0.58642
OTU_40	12	0.212121	12	9.08333	0.0245902	0.206537	0.0654822	125.639	0.0661572	96317.4	420	2	1.54783	0	1	0.894316	0.277778
OTU_402	4	1	14	45	0.00819672	0.21324	0	134.51	0	3.29539e+07	286	0	-0.670379	0	0	-0.555177	0
OTU_403	5	1	15	43	0.0102459	0.202168	0	132.669	0	4.70286e+07	281	0	-0.588694	0	0	-0.470248	0
OTU_405	5	1	15	42.6	0.0102459	0.204032	0	134.302	0	4.35795e+07	283	0	-0.588694	0	0	-0.470248	0
OTU_407	2	1	15	26	0.00409836	0.195223	0	122.815	0	374839	216	2	-0.753749	0.5	1	-0.619986	0
OTU_41	4	0.166667	12	3.75	0.00819672	0.133073	0.00382906	71.5486	0.00382906	7.39925	241	6	0.369446	0	6	0.29361	0
OTU_415	2	0	15	38.5	0.00409836	0.198167	4.61986e-05	127.502	4.32715e-05	1.10886e+06	306	1	-0.437455	0.5	5	-0.235702	0.5
OTU_416	3	1	14	30	0.00614754	0.208276	0	129.143	0	6.2627e+06	261	0	-0.752063	0	0	-0.640107	0
OTU_4163	3	0	14	5.66667	0.00614754	0.104449	0.00448113	63.0289	0.00462412	20.5939	232	3	-0.429006	0	2	-0.472351	0
OTU_42	15	0.342857	14	14.2	0.0307377	0.214656	0.00952749	141.18	0.00937708	2.68744e+06	443	2	1.75707	0.231111	1	1.65147	0.124444
OTU_420	2	0	16	15.5	0.00409836	0.167801	0.000202361	103.677	0.000226153	5193.57	249	7	-0.924678	0.5	3	-0.556747	0.5
OTU_423	3	1	18	5.66667	0.00614754	0.0743608	0	45.514	0	7.68914	65	11	-0.0534522	0	9	-0.130189	0
OTU_4247	15	0.238095	13	11.8	0.0307377	0.221321	0.0261259	141.108	0.0274353	923947	451	2	1.9663	0.124444	1	1.46218	0.231111
OTU_43	8	0.178571	15	6.125	0.0163934	0.178864	0.0412431	111.263	0.0413823	21321.8	372	2	0.501659	0.21875	11	2.37227	0.53125
OTU_433	6	0.266667	14	21.5	0.0122951	0.213457	0.01204	137.026	0.0127955	7.03126e+06	433	7	-0.326357	0.611111	0	-0.640107	0.611111
OTU_435	1	0	15	22	0.00204918	0.18395	0	111.295	0	148324	156	0	-0.915433	0	0	-0.809966	0
OTU_438	6	0.866667	15	15.3333	0.0122951	0.096381	5.79402e-06	65.6645	5.54356e-06	1002.36	214	3	0.114402	0	2	0.0629802	0
OTU_44	2	0	16	1.5	0.00409836	0.142305	0.00380382	79.0763	0.00380382	5.81777	225	10	0	0	19	1.41421	0
OTU_440	2	1	15	13.5	0.00409836	0.173549	0	103.532	0	3119.88	152	2	-0.544514	0	11	-0.515711	0.5
OTU_441	3	0	14	21	0.00614754	0.20838	0.000109139	128.793	0.000217825	2.59534e+06	353	1	-0.247081	0.444444	3	-0.304746	0.444444
OTU_443	5	0	15	14.8	0.0102459	0.200529	0.00329706	130.019	0.00385009	3.33561e+06	387	1	0.133667	0.32	0	-0.555177	0.32
OTU_444	9	0.583333	15	20.7778	0.0184426	0.203736	0.00152011	134.532	0.0017255	1.93611e+07	393	0	-0.261955	0	0	-0.130529	0
OTU_449	1	0	18	3	0.00204918	0.114052	0	62.4739	0	1.64358	37	9	-0.848875	0	18	-0.707107	0
OTU_45	3	0.333333	16	7	0.00614754	0.0878993	3.30531e-05	57.12	4.04121e-05	36.5311	179	3	-0.429006	0	16	0	0.444444
OTU_4524	3	1	14	35.3333	0.00614754	0.207659	0	129.126	0	9.64089e+06	263	0	-0.752063	0	0	-0.640107	0
OTU_462	3	1	18	5.66667	0.00614754	0.0743608	0	45.514	0	7.68914	66	11	-0.0534522	0	9	-0.130189	0
OTU_464	4	0.666667	15	14.75	0.00819672	0.0962927	0.000365141	64.2479	0.000656236	264.237	221	3	-0.24787	0	2	-0.293908	0
OTU_465	27	0.538462	14	31.1852	0.0553279	0.234922	0.00790237	166.01	0.00792995	7.18225e+08	466	0	1.12669	0.0713306	0	1.31327	0.0713306
OTU_467	1	0	15	22	0.00204918	0.18395	0	111.295	0	148324	156	0	-0.915433	0	0	-0.809966	0
OTU_468	5	0.8	15	21.8	0.0102459	0.197794	9.78601e-05	126.632	0.000150394	4.98669e+06	355	0	-0.670379	0.32	0	-0.555177	0.32
OTU_4687	2	0	15	16.5	0.00409836	0.186562	1.62305e-05	114.132	1.83539e-05	354162	277	2	-0.753749	0.5	1	-0.809274	0.5
OTU_47	5	0.3	15	22.8	0.0102459	0.184921	0.00739865	117.745	0.00736797	1.19524e+07	379	4	-0.406446	0.48	0	-0.470248	0
OTU_473	3	0.666667	12	10.6667	0.00614754	0.193338	0.00522087	108.834	0.00727904	4079.81	327	2	-0.33528	0	1	-0.430698	0
OTU_478	5	0.3	16	4.4	0.0102459	0.172058	0.00414318	106.813	0.004323	7076.95	320	7	1.46861	0	10	1.73506	0
OTU_482	5	0.6	11	5.4	0.0102459	0.15477	0.00380382	83.754	0.00380382	17.2161	258	6	0.818059	0	6	0.734025	0
OTU_483	9	0	15	17.4444	0.0184426	0.20433	0.00760479	137.602	0.00733388	2.23532e+06	417	1	0.895162	0.197531	3	0.451258	0.617284
OTU_487	6	0.533333	14	11	0.0122951	0.105789	0.00110528	69.4265	0.00109457	413.351	238	3	0.114402	0	2	0.0629802	0
OTU_49	19	0.473684	15	22.3158	0.0389344	0.200913	0.00607417	140.179	0.00663613	1.74808e+08	442	0	0.309839	0.265928	0	0.718767	0
OTU_495	1	0	15	48	0.00204918	0.182513	0	113.012	0	1.93249e+06	182	0	-0.915433	0	0	-0.809966	0
OTU_496	1	0	16	17	0.00204918	0.15679	0	94.0905	0	51476.3	113	4	-0.718054	0	0	-0.809966	0
OTU_5	11	0.472727	15	15.8182	0.022541	0.203145	0.0392311	135.619	0.0380184	1.10272e+07	446	5	0.0533791	0.46281	4	-0.0360479	0.46281
OTU_50	9	0.444444	16	8.88889	0.0184426	0.153136	0.0113778	93.8774	0.0113778	5213.03	322	5	0.501763	0	4	-0.0360479	0.345679
OTU_501	2	0	15	9	0.00409836	0.176167	0.000130936	105.338	0.000569924	298736	273	14	-0.707107	0.5	22	-0.707107	0.5
OTU_504	3	0	15	24.6667	0.00614754	0.196042	0.00142299	125.935	0.00157571	584254	347	1	-0.0567071	0	5	-0.235702	0.666667
OTU_5062	2	1	15	5	0.00409836	0.167801	0	96.6025	0	2223.46	141	10	0	0	12	0	0
OTU_507	2	0	15	29	0.00409836	0.191576	0.00019437	120.178	0.000212335	175694	297	1	-0.247081	0	3	-0.304746	0
OTU_508	1	0	16	22	0.00204918	0.161424	0	96.9735	0	1323.17	101	1	-0.437455	0	3	-0.556747	0
OTU_511	8	0.714286	15	33.375	0.0163934	0.189761	0.000206777	125.295	0.000226238	5.44895e+07	367	0	-0.507009	0.375	0	-0.215459	0
OTU_513	1	0	16	18	0.00204918	0.158623	0	96.1191	0	226603	123	0	-0.915433	0	0	-0.809966	0
OTU_514	6	1	14	16.6667	0.0122951	0.105895	0	70.2599	0	1110.02	131	3	0.114402	0	2	0.0629802	0
OTU_5155	14	0.417582	14	24.2857	0.0286885	0.228538	0.00521624	153.789	0.00558357	5.58484e+07	453	0	-0.0985851	0.357143	0	-0.0455998	0.459184
OTU_527	6	0.666667	12	28.8333	0.0122951	0.23029	0.189527	136.638	0.186286	2.96767e+07	457	0	-0.588694	0.277778	0	-0.470248	0.277778
OTU_529	2	1	15	23	0.00409836	0.0960288	0	62.5145	0	180.789	74	3	-0.610142	0	2	-0.650795	0
OTU_53	55	0.282828	14	22.2909	0.112705	0.243774	0.0586077	185.026	0.0567887	1.63245e+09	484	0	3.25049	0.104463	0	3.52144	0.105124
OTU_540	1	0	15	5	0.00204918	0.155687	0	86.8723	0	49.8235	76	2	-0.753749	0	1	-0.809274	0
OTU_543	12	0.681818	14	32.8333	0.0245902	0.218674	0.000546706	143.876	0.000559013	1.6236e+08	411	0	-0.0169003	0	0	0.124259	0
OTU_544	5	0.2	14	6	0.0102459	0.186977	0.00761513	110.999	0.00761573	27305.9	354	2	0.0831897	0	1	-0.0521227	0
OTU_55	11	0.490909	15	12.1818	0.022541	0.0968025	0.00351662	69.5645	0.00298346	2066.4	272	3	1.02008	0	2	0.776756	0.165289
OTU_561	2	0	15	49.5	0.00409836	0.198167	6.98969e-05	127.552	5.90468e-05	1.26274e+06	308	1	-0.247081	0	5	-0.235702	0.5
OTU_5625	2	0	16	3	0.00409836	0.164134	0.000294449	98.0989	0.000578798	2352.23	246	1	-0.247081	0	25	0	0.5
OTU_563	1	0	17	2	0.00204918	0.137963	0	77.8461	0	3.51869	56	1	-0.437455	0	24	0	0
OTU_5678	2	0	16	10.5	0.00409836	0.0881758	0.0299593	57.9533	0.0299593	15.5881	233	11	-1.01559	0.5	2	-0.829239	0.5
OTU_5730	7	0.952381	14	16	0.0143443	0.105922	1.40259e-06	70.7599	1.40259e-06	1475.08	222	3	0.295538	0	2	0.241424	0
OTU_576	8	0.714286	14	15.5	0.0163934	0.106136	0.00276561	72.3432	0.00328826	1632.4	268	3	0.476674	0	2	0.419868	0
OTU_5766	3	0.333333	4	2.66667	0.00614754	0.00873598	6.73242e-05	5.41667	6.73242e-05	3.74046	163	8	0.816497	0	8	1	0
OTU_578	2	1	15	20.5	0.00409836	0.0962046	0	62.9145	0	119.891	75	3	-0.610142	0	2	-0.650795	0
OTU_579	1	0	15	20	0.00204918	0.185084	0	111.962	0	439532	168	0	-0.915433	0	0	-0.809966	0
OTU_58	37	0.408408	14	24.1351	0.0758197	0.225475	0.0105046	160.543	0.00917592	9.46028e+08	469	0	2.02522	0	0	2.2475	0
OTU_584	23	0.573123	14	28.913	0.0471311	0.225233	0.0019193	154.643	0.00187857	4.80062e+08	444	0	0.881632	0	0	1.05848	0
OTU_5886	10	0.777778	16	10.8	0.0204918	0.168204	0.000985658	106.42	0.00103125	59276.4	313	5	0.725956	0	4	0.648862	0
OTU_59	5	0.3	13	5.6	0.0102459	0.116131	0.0115456	70.5226	0.0115781	64.8112	276	3	-0.0667343	0	2	-0.115464	0
OTU_597	12	0.621212	16	9.75	0.0245902	0.168541	0.00213913	107.92	0.00231623	64798.2	331	5	1.17434	0	4	1.10547	0
OTU_6	1	0	1	1	0.00204918	0.00204918	0	1	0	1.54308	15	17	0	0	35	0	0
OTU_60	50	0.275102	13	22.16	0.102459	0.263148	0.0990219	188.801	0.0968268	1.24224e+09	489	0	2.92375	0.0768	0	3.09679	0.1152
OTU_604	12	0.757576	13	34.25	0.0245902	0.226812	0.00681105	143.654	0.00840724	1.77e+08	455	0	-0.0169003	0	0	0.124259	0
OTU_608	5	0.1	15	27.4	0.0102459	0.202266	0.00118055	133.835	0.00121633	3.98932e+06	381	1	0.133667	0.32	3	-0.0527444	0.56
OTU_61	39	0.367072	14	22.9744	0.079918	0.226812	0.0180812	162.56	0.0166725	9.56859e+08	475	0	2.1069	0.0499671	0	2.41736	0
OTU_62	2	0	15	10.5	0.00409836	0.185247	0.00380382	112.628	0.00380382	441070	319	15	0	0.5	26	0	0.5
OTU_622	6	0.6	14	27.5	0.0122951	0.217881	0.00280035	141.713	0.00349229	2.30693e+06	397	2	-0.126045	0.5	1	-0.0521227	0.277778
OTU_623	3	1	16	14	0.00614754	0.157731	0	96.8905	0	270956	174	4	-0.0948374	0	0	-0.640107	0
OTU_628	1	0	15	9	0.00204918	0.158444	0	90.4152	0	99.2583	82	2	-0.753749	0	1	-0.809274	0
OTU_630	1	0	17	4	0.00204918	0.139797	0	79.6648	0	17.8629	63	1	-0.437455	0	13	-0.75	0
OTU_635	1	0	1	1	0.00204918	0.00204918	0	1	0	1.54308	5	16	0	0	28	0	0
OTU_644	1	0	16	7	0.00204918	0.169288	0	101.911	0	18765.8	129	1	-0.437455	0	0	-0.809966	0
OTU_6522	3	1	14	25.3333	0.00614754	0.20423	0	126.023	0	523041	236	2	-0.544514	0.444444	1	-0.430698	0
OTU_6597	2	1	15	13	0.00409836	0.184031	0	111.795	0	164806	203	0	-0.833748	0	0	-0.725036	0
OTU_66	6	0.733333	15	12.6667	0.0122951	0.180244	0.000166783	112.337	0.000175489	33563.9	302	2	0.292424	0	1	0.137165	0
OTU_6608	3	1	15	31	0.00614754	0.199672	0	128.335	0	7.12933e+06	252	0	-0.752063	0	0	-0.640107	0
OTU_664	4	0.666667	15	33.5	0.00819672	0.188993	7.30905e-05	122.379	0.000112006	1.29338e+07	339	0	-0.752063	0.375	0	-0.555177	0
OTU_67	5	0.4	15	13.8	0.0102459	0.196408	0.000650321	124.469	0.000893123	2.94577e+06	361	0	-0.670379	0.32	0	-0.555177	0.32
OTU_677	23	0.612648	14	28.6087	0.0471311	0.219702	0.000944661	149.826	0.00127523	4.90745e+08	437	0	0.881632	0	0	1.05848	0
OTU_68	23	0.596838	14	30.5217	0.0471311	0.221671	0.00351565	151.81	0.00302001	5.27517e+08	450	0	0.881632	0	0	1.05848	0
OTU_681	1	0	14	5	0.00204918	0.103243	0	58.2908	0	2.34133	36	3	-0.791278	0	2	-0.829239	0
OTU_683	1	0	15	63	0.00204918	0.195314	0	124.102	0	548843	192	1	-0.437455	0	5	-0.235702	0
OTU_684	1	0	15	63	0.00204918	0.195314	0	124.102	0	548843	192	1	-0.437455	0	5	-0.235702	0
OTU_685	7	0	15	23.1429	0.0143443	0.204927	0.00407557	137.619	0.0042702	3.17016e+06	407	1	0.514415	0.244898	3	0.451258	0.44898
OTU_689	4	1	15	24.25	0.00819672	0.186727	0	119.379	0	4.40189e+06	237	4	-0.0948374	0.375	0	-0.555177	0
OTU_695	11	0.236364	16	11.4545	0.022541	0.172836	0.00891264	115.354	0.00905248	7.92235e+06	385	4	1.1516	0.46281	0	0.0393298	0
OTU_7	3	0	17	2	0.00614754	0.129988	0.00759922	74.0441	0.00759922	3.18031	240	9	1.33395	0	18	1.41421	0.444444
OTU_70	18	0.418301	15	20.6111	0.0368852	0.191228	0.0120726	131.379	0.0115736	1.29899e+08	436	0	0.228154	0.277778	0	0.633837	0
OTU_7063	4	1	16	11.25	0.00819672	0.167534	0	102.754	0	43147	189	5	-0.619197	0	4	-0.720958	0
OTU_713	6	1	15	28.5	0.0122951	0.186066	0	119.745	0	2.871e+07	254	0	-0.507009	0	0	-0.385318	0
OTU_715	1	0	15	20	0.00204918	0.095462	0	59.4169	0	37.9408	44	3	-0.791278	0	2	-0.829239	0
OTU_716	1	0	17	2	0.00204918	0.131451	0	72.6354	0	1.66865	51	7	-0.924678	0	32	0	0
OTU_72	1	0	1	1	0.00204918	0.00204918	0	1	0	1.54308	6	24	0	0	41	0	0
OTU_721	1	0	16	22	0.00204918	0.161424	0	96.9735	0	1323.17	101	1	-0.437455	0	3	-0.556747	0
OTU_724	1	0	17	11	0.00204918	0.145757	0	87.535	0	13833.1	91	4	-0.718054	0	0	-0.809966	0
OTU_732	1	0	15	20	0.00204918	0.095462	0	59.4169	0	37.9408	42	3	-0.791278	0	2	-0.829239	0
OTU_740	2	0	14	6.5	0.00409836	0.104345	0.00380382	62.1122	0.00380382	10.5732	212	3	-0.610142	0	31	0	0.5
OTU_741	4	1	14	33.25	0.00819672	0.210571	0	131.693	0	1.48209e+07	277	0	-0.670379	0	0	-0.555177	0
OTU_7423	1	0	1	1	0.00204918	0.00204918	0	1	0	1.54308	8	21	0	0	37	0	0
OTU_7456	26	0.307692	14	20.9615	0.0532787	0.233747	0.0365994	163.623	0.0363973	1.71007e+08	476	0	0.636578	0.387574	0	0.803696	0.381657
OTU_75	24	0.438406	14	21.75	0.0491803	0.211737	0.00307176	144.653	0.00440946	3.33501e+08	445	0	0.881632	0.0798611	0	1.14341	0
OTU_758	12	0.772727	14	38.8333	0.0245902	0.218447	0.000111988	144.293	0.000124332	2.13701e+08	399	0	-0.0169003	0	0	0.124259	0
OTU_759	1	0	16	5	0.00204918	0.0870622	0	52.2057	0	3.70117	31	3	-0.791278	0	2	-0.829239	0
OTU_761	9	0	15	7.44444	0.0184426	0.195951	0.0208287	127.312	0.0212192	626481	405	1	0.895162	0.197531	0	-0.385318	0.518519
OTU_774	4	0	15	27.5	0.00819672	0.204131	0.00268791	134.339	0.00274125	766105	376	2	-0.544514	0.5	1	-0.619986	0.625
OTU_776	1	0	1	1	0.00204918	0.00204918	0	1	0	1.54308	8	19	0	0	23	0	0
OTU_7888	9	0.166667	15	10.8889	0.0184426	0.195132	0.00561483	126.749	0.00595733	2.27552e+06	392	2	0.0831897	0.567901	1	-0.0521227	0.567901
OTU_790	1	0	15	15	0.00204918	0.180013	0	108.138	0	32526.2	143	1	-0.437455	0	3	-0.556747	0
OTU_7905	1	0	16	3	0.00204918	0.161673	0	95.1013	0	966.601	95	1	-0.437455	0	20	-0.707107	0
OTU_797	1	0	16	8	0.00204918	0.150021	0	86.1901	0	40.6397	70	2	-0.753749	0	11	-0.515711	0
OTU_799	63	0.0460829	14	10.7302	0.129098	0.247214	0.162142	189.806	0.156808	3.14619e+08	487	1	7.1775	0.505417	5	4.24264	0.774502
OTU_8043	1	0	17	3	0.00204918	0.145154	0	83.6814	0	359.572	72	14	-0.707107	0	22	-0.707107	0
OTU_807	4	1	15	33.5	0.00819672	0.186231	0	118.462	0	1.62938e+07	239	0	-0.670379	0	0	-0.555177	0
OTU_81	48	0.273936	14	19.8333	0.0983607	0.227057	0.0380216	166.26	0.0359182	1.10816e+09	480	0	2.76038	0.0798611	0	3.18172	0
OTU_8100	3	1	17	12.3333	0.00614754	0.142982	0	85.1302	0	707.111	122	5	-0.84339	0	4	-0.949261	0
OTU_8145	4	0	15	27.25	0.00819672	0.199105	0.00615259	129.635	0.00613408	1.30849e+06	384	1	0.133667	0	3	-0.304746	0.625
OTU_8148	2	1	14	10	0.00409836	0.176167	0	101.576	0	6924.11	158	2	-0.544514	0	7	0	0
OTU_817	4	0	15	32	0.00819672	0.200148	0.000847136	130.969	0.000709747	1.39327e+06	362	1	0.133667	0	3	-0.0527444	0.375
OTU_82	1	0	4	4	0.00204918	0.00691598	0	4	0	1.72071	25	8	-1.22474	0	8	-1	0
OTU_83	1	0	15	12	0.00204918	0.175067	0	102.981	0	210111	142	0	-0.915433	0	0	-0.809966	0
OTU_8325	1	0	1	1	0.00204918	0.00204918	0	1	0	1.54308	1	22	0	0	38	0	0
OTU_8377	1	0	15	51	0.00204918	0.185165	0	115.545	0	1.92621e+06	190	0	-0.915433	0	0	-0.809966	0
OTU_8379	9	0	15	16.4444	0.0184426	0.204528	0.0114254	137.152	0.0112325	1.83404e+06	427	1	1.08554	0	3	0.95526	0.37037
OTU_84	1	0	16	4	0.00204918	0.15477	0	88.7334	0	612.032	83	0	-0.915433	0	0	-0.809966	0
OTU_841	7	0.857143	15	22.1429	0.0143443	0.20246	0.000147291	132.599	0.000143567	9.42326e+06	374	0	-0.425324	0	0	-0.385318	0.244898
OTU_842	2	0	15	37.5	0.00409836	0.198167	0.000636431	127.952	0.00088003	600072	334	1	-0.437455	0.5	1	-0.809274	0.5
OTU_850	1	0	16	30	0.00204918	0.170178	0	105.904	0	938341	154	0	-0.915433	0	0	-0.809966	0
OTU_8598	6	0.4	15	10.5	0.0122951	0.190276	0.000845135	119.975	0.00118681	225700	343	2	0.0831897	0.277778	1	-0.0521227	0.277778
OTU_88	3	0	11	5	0.00614754	0.154656	0.00613997	82.754	0.00619803	5.11083	253	6	-0.079167	0	6	-0.146805	0
OTU_8801	1	0	1	1	0.00204918	0.00204918	0	1	0	1.54308	8	20	0	0	29	0	0
OTU_8849	1	0	13	4	0.00204918	0.11642	0	60.608	0	1.77715	41	6	-0.976393	0	6	-1.02764	0
OTU_886	3	0.666667	16	9.66667	0.00614754	0.0880834	2.10388e-06	57.8533	2.10388e-06	86.5996	178	3	-0.429006	0	2	-0.472351	0
OTU_8875	1	0	17	9	0.00204918	0.131492	0	74.8057	0	16.1568	58	5	-1.29177	0	4	-1.40587	0
OTU_89	3	0.333333	14	4	0.00614754	0.104242	0.00380382	61.8622	0.00380382	11.1823	223	3	-0.429006	0	2	-0.472351	0
OTU_891	4	0	15	26.75	0.00819672	0.198917	0.004564	129.385	0.00480038	1.30734e+06	383	1	0.133667	0	3	-0.304746	0.625
OTU_892	36	0.031746	14	11.0278	0.0737705	0.236242	0.07105	169.623	0.0714297	8.40327e+07	479	1	4.32189	0.425926	3	3.97927	0.638889
OTU_8943	1	0	14	50	0.00204918	0.205127	0	125.193	0	2.16626e+06	218	0	-0.915433	0	0	-0.809966	0
OTU_8971	2	0	17	4.5	0.00409836	0.154486	2.20785e-05	93.1326	4.50816e-05	948.804	215	1	-0.247081	0	0	-0.725036	0
OTU_911	4	0	15	31.5	0.00819672	0.200338	0.0013205	131.219	0.00112662	1.37963e+06	368	1	0.133667	0	3	-0.0527444	0.375
OTU_9189	1	0	14	12	0.00204918	0.104293	0	61.4456	0	9.77517	46	3	-0.791278	0	2	-0.829239	0
OTU_922	2	0	15	34	0.00409836	0.195677	0.0010805	125.019	0.00118019	559813	329	1	-0.247081	0	17	-0.707107	0.5
OTU_924	8	0.428571	14	26.625	0.0163934	0.21687	0.00333298	140.66	0.00392562	4.03563e+07	425	0	-0.507009	0.375	0	-0.385318	0.375
OTU_93	4	0.333333	15	9	0.00819672	0.185656	0.0038177	114.112	0.00384142	349096	348	0	-0.670379	0	0	-0.555177	0
OTU_940	4	0	16	7.5	0.00819672	0.181489	0.00271372	115.968	0.00327415	248266	332	1	-0.0567071	0.375	0	-0.640107	0.375
OTU_944	8	0.821429	16	11	0.0163934	0.152913	0.00011927	92.8774	0.000289657	6986.08	271	5	0.277571	0	4	0.192255	0
OTU_958	30	0.491954	14	27.5667	0.0614754	0.224512	0.00391495	156.826	0.0038682	7.88513e+08	460	0	1.45343	0	0	1.65299	0
OTU_96	2	0	18	2	0.00409836	0.114176	0.00380382	63.2739	0.00380382	2.2851	210	9	0.242536	0	15	1	0
OTU_961	1	0	15	63	0.00204918	0.195314	0	124.102	0	548843	192	1	-0.437455	0	5	-0.235702	0
OTU_9679	1	0	17	2	0.00204918	0.123425	0	66.5922	0	1.59701	44	10	-0.866025	0	19	-0.707107	0
OTU_9746	1	0	2	2	0.00204918	0.00273224	0	1.5	0	1.58909	20	13	-0.707107	0	21	-0.707107	0
OTU_9779	6	0.133333	15	18.3333	0.0122951	0.204429	0.0108038	135.419	0.011246	921030	409	7	0.271964	0.5	10	0.306186	0.666667
OTU_98	6	0.4	17	3.5	0.0122951	0.0807586	0.0262887	52.4066	0.0262887	14.4358	265	11	1.38976	0	9	0.911322	0.277778
OTU_983	2	0	15	19.5	0.00409836	0.193605	9.04087e-05	120.735	0.000101428	752815	301	1	-0.437455	0.5	3	-0.556747	0.5
OTU_985	5	0.8	14	16	0.0102459	0.18484	4.1646e-05	111.494	4.52899e-05	50007	293	2	0.0831897	0	1	-0.0521227	0
OTU_9905	4	0.166667	15	2.5	0.00819672	0.167935	0.00759922	97.6025	0.00759922	2239.97	304	10	1.73205	0	12	1.73205	0
OTU_9957	11	0.454545	15	31.4545	0.022541	0.210466	0.00972798	143.532	0.00975725	1.05736e+08	447	0	-0.18027	0.165289	0	-0.0455998	0.165289
OTU_999	12	0.924242	14	35.5	0.0245902	0.21856	1.9093e-05	143.01	1.83884e-05	1.9172e+08	391	0	-0.0169003	0	0	0.124259	0
OTU_9994	5	0	16	6	0.0102459	0.176611	0.0021737	111.734	0.00226572	56819	317	1	0.324041	0	0	-0.555177	0.32
