ID	"node.degree"	"node.betw"	"node.stress"	"node.evcent"	"Clustering.Coefficient"	No. module	Zi	Pi	Role	Flag	Taxonomy	Abundance	Top?
OTU_1	16	1791.04989651077	28551	0.0015686967093879	0.391666666666667	11	2.0711088044725	0	0	0	Firmicutes	89194	1
OTU_2	4	16.5	19	8.12436619522891e-43	0.166666666666667	10	1.83711730708738	0	0	-1	Verrucomicrobia	102995	1
OTU_3	2	2	2	6.28541473258382e-52	0	12	1	0	0	-1	Acidobacteria	56851	1
OTU_4	18	4366.02524450194	56825	0.0120272747998347	0.0980392156862745	1	2.17553654058976	0.277777777777778	0	0	Proteobacteria	63733	1
OTU_5	11	4661.75379403112	68050	0.0209457641009465	0.472727272727273	11	0.0533790928987759	0.462809917355372	0	0	Firmicutes	63590	1
OTU_6	1	0	0	5.53828282335648e-61	0	16	0	0	0	-1	Cyanobacteria/Chloroplast	24902	1
OTU_7	3	903	12269	1.60805914193878e-06	0	8	1.33394593769983	0	0	-1	Acidobacteria	20633	1
OTU_12	2	2	2	6.28541473258382e-52	0	12	1	0	0	-1	Crenarchaeota	12508	1
OTU_13	4	26180.5	429619	3.05135358568773e-06	0.333333333333333	5	0.369445869778482	0	0	0	Actinobacteria	15132	1
OTU_14	51	8043.2294228643	127838	0.209633031128941	0.252549019607843	0	2.6976317850012	0.211457131872357	2	-1	Acidobacteria	17462	1
OTU_15	32	3849.87327592087	48732	0.119799923276866	0.284274193548387	0	0.979191794452878	0.412109375	0	0	Proteobacteria	19867	1
OTU_18	1	0	0	0.000510754928473875	0	1	-0.753749044769802	0	0	-1	Proteobacteria	14650	1
OTU_19	1	0	0	5.53828282335648e-61	0	16	0	0	0	-1	Unclassified	10160	1
OTU_20	2	1	1	2.32292417991354e-54	0	14	0	0	0	-1	Verrucomicrobia	12215	1
OTU_21	17	1707.39099250174	35721	0.0342488756148109	0.272058823529412	4	2.39803057962007	0.456747404844291	0	-1	Acidobacteria	16864	1
OTU_23	1	0	0	1.17016900569035e-07	0	5	-0.97639265584313	0	0	-1	Actinobacteria	8299	1
OTU_26	1	0	0	5.33946547131595e-09	0	5	-0.97639265584313	0	0	0	Proteobacteria	7282	0
OTU_27	14	19.2706197681158	700	0.102703571357728	0.813186813186813	0	0.160887037048915	0	0	-1	Actinobacteria	9599	1
OTU_30	7	638.729205487916	9943	0.00469558800228412	0.428571428571429	1	0.2924243785729	0.244897959183674	0	0	Proteobacteria	12588	1
OTU_31	30	7272.42981241589	69761	0.0122312678256583	0.170114942528736	1	4.89558744128079	0.124444444444444	2	-1	Acidobacteria	12524	1
OTU_32	1	0	0	6.7149755509408e-08	0	8	-0.848874687627165	0	0	-1	Proteobacteria	16152	1
OTU_33	6	3895.14165044127	15679	0.00681798815284772	0.0666666666666667	7	1.73205080756888	0.5	0	0	Gemmatimonadetes	7005	1
OTU_35	3	25928	427231	1.27866474784768e-07	0	5	-0.527779813969259	0.444444444444444	0	0	Proteobacteria	6739	0
OTU_38	40	11117.2640240487	165887	0.0873049419350908	0.173076923076923	0	0.324547988529707	0.58	0	0	Nitrospira	3381	1
OTU_40	12	7781.11456693104	57462	0.00194710748691617	0.212121212121212	1	1.54783248658414	0	0	0	Actinobacteria	12327	1
OTU_41	4	455	8851	3.85404938865561e-07	0.166666666666667	5	0.369445869778482	0	0	-1	Actinobacteria	9245	1
OTU_42	15	1132.1326762705	14870	0.0103235616782843	0.342857142857143	1	1.75706717125268	0.231111111111111	0	-1	Acidobacteria	8174	1
OTU_43	8	4900.82933220196	67651	0.000914154093221563	0.178571428571429	1	0.50165906324144	0.21875	0	-1	Unclassified	5007	1
OTU_44	2	452	1719	1.19304181111928e-05	0	7	0	0	0	-1	Unclassified	8364	1
OTU_45	3	3.92763157894737	16	2.37793758206433e-13	0.333333333333333	3	-0.429006167564111	0	0	0	Proteobacteria	16766	1
OTU_47	5	879.167000791543	15376	0.0218060150525041	0.3	4	-0.406445860952554	0.48	0	-1	Actinobacteria	7200	1
OTU_49	19	721.780981625847	18251	0.0833904279905583	0.473684210526316	0	0.324547988529707	0.265927977839335	0	-1	Proteobacteria	9580	1
OTU_50	9	1352	17015	0.000428846066282356	0.444444444444444	11	0.501763473248493	0	0	-1	Firmicutes	5624	1
OTU_53	55	6964.23066854191	137102	0.254860187820422	0.282828282828283	0	3.27044511518397	0.104462809917355	2	-1	Unclassified	7040	1
OTU_55	11	417.872879167616	19235	5.49082076762994e-12	0.490909090909091	3	1.02008133176355	0	0	0	Proteobacteria	7162	0
OTU_58	37	1248.23567555446	60524	0.19401078759265	0.408408408408408	0	2.04298797907803	0	0	-1	Unclassified	9847	1
OTU_59	5	1371.94444444446	11048	2.37611284737227e-10	0.3	3	-0.0667342927321951	0	0	0	Actinobacteria	7045	0
OTU_60	50	11766.575250952	189544	0.222320095794598	0.275102040816327	0	2.94312321222239	0.0768	2	-1	Actinobacteria	6371	0
OTU_61	39	2148.54985389614	64634	0.195117884152941	0.367071524966262	0	2.12481845481843	0.0499671268902038	0	-1	Actinobacteria	6894	0
OTU_62	2	452	3026	0.00418900042900512	0	0	-0.821078671835841	0	0	0	Proteobacteria	8058	1
OTU_66	6	19.8184563372644	188	0.00114250751567018	0.733333333333333	1	0.2924243785729	0	0	-1	Crenarchaeota	4756	1
OTU_67	5	77.2763575985143	858	0.0108240673011245	0.4	0	-0.657417720355048	0.32	0	-1	Proteobacteria	2909	0
OTU_68	23	417.757639100483	27632	0.144875214452582	0.596837944664032	0	0.897361318712481	0	0	-1	Unclassified	4265	1
OTU_70	18	1434.56631887314	67817	0.0718845427470705	0.418300653594771	0	0.242717512789311	0.277777777777778	0	-1	Actinobacteria	3131	0
OTU_72	1	0	0	5.53828282335648e-61	0	17	0	0	0	1	Crenarchaeota	4122	1
OTU_75	24	365.011000407993	8464	0.115187238186158	0.438405797101449	0	0.897361318712481	0.0798611111111109	0	-1	Actinobacteria	6815	0
OTU_81	48	4518.02657881945	99553	0.209977859076514	0.273936170212766	0	2.7794622607416	0.0798611111111109	2	0	Actinobacteria	9076	1
OTU_82	1	0	0	3.10060777546666e-43	0	10	-1.22474487139159	0	0	0	Nitrospira	2887	1
OTU_83	1	0	0	0.0028913524823618	0	0	-0.902909147576237	0	0	1	Crenarchaeota	2638	1
OTU_84	1	0	0	0.000155521734573412	0	0	-0.902909147576237	0	0	-1	Proteobacteria	3048	0
OTU_88	3	729.600000000003	8525	2.80225401855617e-06	0	5	-0.0791669720953888	0	0	0	Actinobacteria	8559	1
OTU_89	3	452	2870	1.13658168833397e-11	0.333333333333333	3	-0.429006167564111	0	0	0	Actinobacteria	7742	1
OTU_93	4	453.649095117845	2745	0.00372434583132669	0.333333333333333	0	-0.657417720355048	0	0	0	Proteobacteria	5956	0
OTU_96	2	452	6135	6.72670518811582e-08	0	8	0.242535625036333	0	0	-1	Acidobacteria	2246	0
OTU_98	6	3123.83333333333	57656	5.39601133620534e-15	0.4	9	1.38975845794461	0	0	0	Proteobacteria	5570	0
OTU_102	22	2797.96192046186	55372	0.0410435257363244	0.199134199134199	4	3.33285605981094	0.462809917355372	2	-1	Acidobacteria	2358	0
OTU_103	5	573.815601881303	6389	0.00640292362264083	0.1	1	-0.544514360101262	0.48	0	-1	Proteobacteria	2075	0
OTU_106	6	760.200000000004	9010	3.20824001349669e-06	0.466666666666667	5	1.26667155352622	0	0	0	Actinobacteria	4777	0
OTU_108	3	0	0	0.0032810820971697	1	4	-0.0948373675555959	0	0	-1	Acidobacteria	2059	0
OTU_110	13	15151.421864466	260399	2.54410426666887e-10	0.461538461538462	3	1.38235320659547	0	0	0	Actinobacteria	5653	0
OTU_111	16	4252.55590116913	63961	0.0127422887831363	0.266666666666667	1	1.75706717125268	0.3046875	0	-1	Proteobacteria	3640	0
OTU_112	20	2496.70838094652	36233	1.93933192098425e-11	0.252631578947368	3	2.65030476850718	0	2	0	Actinobacteria	4521	0
OTU_115	19	3971.11517333516	46545	0.00742456150919209	0.228070175438596	1	2.80324059459538	0.0997229916897509	2	-1	Proteobacteria	1975	0
OTU_116	12	484.577950506505	3885	0.0692404608132717	0.5	0	-0.00277391443187783	0	0	0	Proteobacteria	2466	0
OTU_117	15	5479.37743645242	107086	3.05863783342809e-12	0.19047619047619	3	1.56348914401143	0.124444444444444	0	0	Proteobacteria	4434	0
OTU_118	1	0	0	0.00416424263261713	0	0	-0.902909147576237	0	0	-1	Acidobacteria	3245	0
OTU_119	18	2756.7621312755	41072	0.0913775858991584	0.503267973856209	0	0.242717512789311	0.290123456790123	0	0	Firmicutes	4213	0
OTU_121	20	5882.61964132356	142080	3.07271098422158e-11	0.342105263157895	3	2.65030476850718	0	2	0	Proteobacteria	3958	0
OTU_123	1	0	0	0.000212747258040171	0	1	-0.753749044769802	0	0	-1	Unclassified	1338	0
OTU_124	2	0	0	0.000754863770403545	1	1	-0.544514360101262	0	0	-1	Proteobacteria	3526	0
OTU_126	4	3579	49043	3.83745843768584e-05	0	8	1.33394593769983	0.375	0	-1	Acidobacteria	1185	0
OTU_128	12	7838.3096250971	142059	2.5266406142841e-10	0.212121212121212	3	1.20121726917951	0	0	0	Proteobacteria	6909	0
OTU_129	16	923.830129662167	15034	0.0539463046939482	0.458333333333333	0	0.160887037048915	0.21875	0	-1	Proteobacteria	1215	0
OTU_131	10	30959.3	475754	6.66043597315357e-05	0.2	5	2.61251007914783	0.18	2	0	Actinobacteria	9596	1
OTU_132	28	1178.9854079443	23967	0.139953096438288	0.436507936507937	0	1.22468322167407	0.068877551020408	0	-1	Acidobacteria	4002	0
OTU_134	24	2849.84395163118	44171	0.080339535767834	0.322463768115942	0	0.570039415750896	0.34375	0	0	Proteobacteria	2842	0
OTU_135	6	0	0	0.00042370046605977	1	11	-0.170813097276083	0	0	-1	Firmicutes	2240	0
OTU_136	8	8.07719298245614	52	1.66199123684313e-11	0.785714285714286	3	0.476673519515679	0	0	0	Actinobacteria	2197	0
OTU_137	28	1456.28590838591	24238	0.10670750330313	0.343915343915344	0	1.22468322167407	0.068877551020408	0	-1	Acidobacteria	1588	0
OTU_140	12	896.881970375789	12310	0.00509475004015718	0.272727272727273	1	1.12936311724706	0.291666666666667	0	0	Bacteroidetes	3778	1
OTU_141	26	7023.74189947477	104398	1.95255039062349e-11	0.224615384615385	3	3.73712039300293	0	2	0	Proteobacteria	9062	1
OTU_143	5	452.333333333333	2878	1.10511917732604e-12	0.5	3	-0.0667342927321951	0	0	0	Actinobacteria	3085	0
OTU_144	9	452.719335286361	8378	0.0436862409029273	0.611111111111111	0	-0.248265341653067	0	0	-1	Acidobacteria	1730	0
OTU_146	1	0	0	1.11807789043399e-17	0	9	-1.01559271926721	0	0	0	Proteobacteria	3121	0
OTU_148	2	0	0	0.000348209208736931	1	1	-0.544514360101262	0	0	-1	Unclassified	1280	0
OTU_150	9	95.648874471946	1333	0.0420530789593017	0.611111111111111	0	-0.330095817393463	0.197530864197531	0	-1	Acidobacteria	1042	0
OTU_151	2	0	0	0.000246971689017619	1	6	-0.326356975932253	0	0	-1	Unclassified	1819	1
OTU_161	19	148.708522505387	4162	0.106217891936151	0.608187134502924	0	0.570039415750896	0	0	0	Actinobacteria	6668	0
OTU_162	1	0	0	0.000397089467925661	0	1	-0.753749044769802	0	0	-1	Verrucomicrobia	1609	0
OTU_165	4	1486.94541145892	4832	0.0006197218888907	0.166666666666667	1	-0.335279675432721	0.375	0	-1	Actinobacteria	2630	0
OTU_167	5	25232.25503663	422027	5.38038475464265e-09	0.3	3	-0.247870230148153	0.32	0	0	Actinobacteria	3123	0
OTU_170	8	12.6523429786588	49	0.00148234866837089	0.571428571428571	1	0.710893747909981	0	0	-1	Acidobacteria	1837	0
OTU_171	1	0	0	0.00182425592752335	0	0	-0.902909147576237	0	0	-1	Proteobacteria	2010	0
OTU_174	1	0	0	0.00364569151733376	0	0	-0.902909147576237	0	0	0	Proteobacteria	1125	0
OTU_175	1	0	0	1.60245106199991e-06	0	8	-0.848874687627165	0	0	0	Gemmatimonadetes	911	1
OTU_176	11	456.105877021988	3800	0.00357341064693127	0.454545454545455	1	1.3385978019156	0	0	-1	Verrucomicrobia	2052	1
OTU_179	1	0	0	0.00171390107182294	0	4	-0.718054354349511	0	0	0	Proteobacteria	1361	0
OTU_180	9	795.170830818078	11923	0.0014435666757499	0.416666666666667	1	0.920128432578521	0	0	-1	Verrucomicrobia	3455	1
OTU_181	2	0	0	2.90780586180756e-06	1	5	-0.527779813969259	0	0	0	Proteobacteria	1244	0
OTU_185	13	435.301644043095	16601	2.9734948773001e-11	0.525641025641026	3	1.38235320659547	0	0	0	Actinobacteria	6232	0
OTU_187	5	452.7	13803	0.00443460904728729	0.5	4	0.52837961923832	0	0	-1	Acidobacteria	3474	0
OTU_188	2	0	0	1.86881959638792e-05	1	11	-1.06758185797552	0	0	0	Firmicutes	2054	0
OTU_190	3	1.50757575757576	6	0.00265660256831947	0.666666666666667	4	-0.0948373675555959	0	0	-1	Actinobacteria	1501	0
OTU_191	29	4517.63078027694	52987	0.16148834828813	0.480295566502463	0	1.22468322167407	0.130796670630202	0	-1	Proteobacteria	1518	0
OTU_194	13	1359.68533306657	16832	0.00646809954599193	0.384615384615385	1	1.54783248658414	0.142011834319526	0	-1	Acidobacteria	1763	0
OTU_196	10	35.1451298377992	2215	0.0647289141049351	0.733333333333333	0	-0.16643486591267	0	0	-1	Actinobacteria	2661	0
OTU_197	9	449.994050955772	3508	0.00205137212681303	0.25	1	0.710893747909981	0.197530864197531	0	-1	Acidobacteria	963	0
OTU_200	43	9716.40361742347	173902	0.203499998469666	0.332225913621262	0	2.28847940629922	0.129799891833424	0	-1	Acidobacteria	2447	0
OTU_202	5	227.7	1440	3.30973257375856e-06	0.7	5	0.818058711652352	0	0	-1	Actinobacteria	3160	0
OTU_206	4	2.42616028104648	68	0.0232610636613863	0.833333333333333	0	-0.657417720355048	0	0	-1	Proteobacteria	922	0
OTU_207	3	1352	18401	1.60806405715826e-06	0	8	1.33394593769983	0	0	-1	Proteobacteria	899	0
OTU_208	1	0	0	1.27727794224981e-13	0	3	-0.791278042396028	0	0	0	Bacteroidetes	1086	1
OTU_211	10	472.441959621723	6126	0.00933057995561676	0.533333333333333	1	0.710893747909981	0.32	0	-1	Proteobacteria	1772	0
OTU_215	3	0	0	0.0118979545592746	1	4	-0.406445860952554	0.444444444444444	0	-1	Acidobacteria	1199	0
OTU_216	4	54.6180372669142	680	0.000913650996035069	0.666666666666667	1	-0.126044990764181	0	0	-1	Proteobacteria	688	0
OTU_225	13	4694.63372596452	63399	0.0707765130417312	0.448717948717949	0	-0.16643486591267	0.355029585798816	0	0	Firmicutes	4729	1
OTU_226	5	40.6241662702244	2134	0.0129712291134334	0.8	4	-0.0948373675555959	0.48	0	0	Planctomycetes	931	1
OTU_232	20	421.438015116104	13823	0.109261747120429	0.6	0	0.406378464270104	0.255	0	-1	Proteobacteria	1928	0
OTU_238	7	904.833333333333	16487	2.67600693660807e-16	0.285714285714286	9	1.87082869338697	0	0	-1	Actinobacteria	2100	0
OTU_240	4	0.333333333333333	1	2.57217072508068e-16	0.833333333333333	9	0.427617987059879	0	0	0	Proteobacteria	1510	0
OTU_242	2	0	0	0.00550485788194789	1	1	-0.753749044769802	0.5	0	0	Proteobacteria	2161	0
OTU_244	12	728.469485047114	32772	2.75056108021213e-11	0.590909090909091	3	1.20121726917951	0	0	0	Proteobacteria	1977	0
OTU_245	1	0	0	0.00171390107182294	0	4	-0.718054354349511	0	0	-1	Acidobacteria	1205	0
OTU_248	1	0	0	1.33323928599447e-07	0	5	-0.97639265584313	0	0	0	Actinobacteria	850	0
OTU_267	4	452	4692	0.000780984968713352	0.5	1	-0.126044990764181	0	0	0	Gemmatimonadetes	1533	1
OTU_269	7	17.8673780168416	528	0.0319410875677737	0.761904761904762	4	-0.0948373675555959	0.489795918367347	0	0	Proteobacteria	952	0
OTU_270	1	0	0	2.2111347641812e-05	0	6	-0.924678098474716	0	0	-1	Unclassified	1055	0
OTU_273	3	36.7078828578828	455	0.000990876333072647	0.333333333333333	1	-0.335279675432721	0	0	-1	Planctomycetes	492	1
OTU_276	1	0	0	4.74615651840861e-13	0	3	-0.791278042396028	0	0	0	Actinobacteria	1226	0
OTU_277	1	0	0	0.00876828370182263	0	0	-0.902909147576237	0	0	0	Actinobacteria	1102	0
OTU_285	10	169.92162488659	3992	0.0058446566713699	0.533333333333333	1	0.920128432578521	0.18	0	-1	Acidobacteria	729	0
OTU_292	4	0	0	0.000821520737814553	1	1	-0.126044990764181	0	0	-1	Acidobacteria	483	0
OTU_297	15	631.012604840072	9400	0.079691939380365	0.571428571428571	0	0.160887037048915	0.124444444444444	0	-1	Unclassified	2705	1
OTU_301	1	0	0	0.00348222871592291	0	0	-0.902909147576237	0	0	-1	Acidobacteria	1234	0
OTU_302	12	386.304182780336	7756	0.0624831570765321	0.606060606060606	0	-0.0846043901722741	0.152777777777778	0	-1	Acidobacteria	1795	0
OTU_304	13	111.957571901433	3627	0.0825523984913246	0.641025641025641	0	0.0790565613085185	0	0	-1	Acidobacteria	1479	0
OTU_307	1	0	0	0.000131057856296989	0	1	-0.753749044769802	0	0	-1	Acidobacteria	5193	1
OTU_310	9	1520.28140863526	13700	0.00538482725466547	0.111111111111111	6	2.0669275142376	0.493827160493827	0	-1	Unclassified	1023	0
OTU_312	1	0	0	0.0106424860271002	0	0	-0.902909147576237	0	0	-1	Acidobacteria	952	0
OTU_326	1	0	0	0.00416424263261713	0	0	-0.902909147576237	0	0	0	Bacteroidetes	1542	1
OTU_329	2	0	0	8.76997383202816e-05	1	11	-1.06758185797552	0	0	-1	Firmicutes	749	0
OTU_335	20	2008.24746187407	21529	0.100140869165997	0.4	0	0.4882089400105	0.18	0	0	Proteobacteria	880	0
OTU_338	11	333.803710979313	3349	0.0682659322235343	0.527272727272727	0	-0.248265341653067	0.314049586776859	0	-1	Firmicutes	987	0
OTU_343	1	0	0	4.34475384406386e-05	0	1	-0.753749044769802	0	0	-1	Acidobacteria	953	0
OTU_347	1	0	0	0.000510754928473875	0	1	-0.753749044769802	0	0	-1	Unclassified	885	0
OTU_349	1	0	0	6.71495502590075e-08	0	8	-0.848874687627165	0	0	-1	Acidobacteria	725	0
OTU_350	3	0	0	0.0199197964834521	1	0	-0.739248196095445	0	0	-1	Proteobacteria	1092	0
OTU_354	3	16.6024156399156	82	1.92391986991485e-12	0.333333333333333	3	-0.429006167564111	0	0	0	Bacteroidetes	1802	1
OTU_363	2	452	2902	1.05692137793759e-11	0	3	-0.61014210498007	0	0	0	Proteobacteria	2503	0
OTU_364	3	465.379712155175	6842	0.00285742340777218	0	13	0	0	0	-1	Actinobacteria	1528	0
OTU_365	1	0	0	3.26124754624305e-05	0	1	-0.753749044769802	0	0	0	Gemmatimonadetes	965	1
OTU_371	8	194.461404909016	4921	0.0358670807825944	0.607142857142857	0	-0.411926293133859	0.21875	0	-1	Verrucomicrobia	1306	0
OTU_382	10	293.618883382701	16504	4.86936800695769e-12	0.555555555555556	3	0.838945394347596	0	0	0	Proteobacteria	1393	0
OTU_385	3	3.76026275843825	106	0.00482660025069605	0.666666666666667	4	-0.406445860952554	0.444444444444444	0	-1	Actinobacteria	766	0
OTU_388	2	0	0	2.35225616066089e-10	1	3	-0.61014210498007	0	0	0	Proteobacteria	962	0
OTU_390	1	0	0	0.000502236560080817	0	1	-0.753749044769802	0	0	-1	Proteobacteria	1898	0
OTU_394	2	0	0	0.000842130049386341	1	1	-0.544514360101262	0	0	-1	Unclassified	492	0
OTU_402	4	0	0	0.036210340869339	1	0	-0.657417720355048	0	0	-1	Firmicutes	1918	0
OTU_403	5	0	0	0.043257090752245	1	0	-0.575587244614652	0	0	-1	Acidobacteria	954	0
OTU_405	5	0	0	0.0416411305134286	1	0	-0.575587244614652	0	0	-1	Proteobacteria	872	0
OTU_407	2	0	0	0.00385843877537393	1	1	-0.753749044769802	0.5	0	-1	Proteobacteria	659	0
OTU_415	2	5.48968253968254	44	0.00663954698265455	0	2	-0.437454952714986	0.5	0	0	Proteobacteria	302	0
OTU_416	3	0	0	0.0157840361940114	1	0	-0.739248196095445	0	0	0	Proteobacteria	1356	0
OTU_420	2	24.0461113898583	192	0.000453202529485136	0	6	-0.924678098474716	0.5	0	-1	Acidobacteria	647	0
OTU_423	3	0	0	2.47299582458683e-16	1	9	-0.0534522483824849	0	0	0	Proteobacteria	1146	0
OTU_433	6	1430.69364550164	13938	0.0167224702907384	0.266666666666667	6	-0.326356975932253	0.611111111111111	0	-1	Unclassified	1229	0
OTU_435	1	0	0	0.00242801886098545	0	0	-0.902909147576237	0	0	-1	Verrucomicrobia	411	0
OTU_438	6	0.688492063492063	5	4.34517530026456e-12	0.866666666666667	3	0.114401644683763	0	0	0	Proteobacteria	926	0
OTU_440	2	0	0	0.000348209208736931	1	1	-0.544514360101262	0	0	-1	Proteobacteria	1019	0
OTU_441	3	12.9687980169907	325	0.0101609289938082	0	2	-0.247081038107538	0.444444444444444	0	0	Bacteroidetes	890	1
OTU_443	5	391.782531976614	3563	0.0115202413196867	0	2	0.133666791107357	0.32	0	0	Gemmatimonadetes	1057	1
OTU_444	9	180.631335340066	1629	0.0277457749416715	0.583333333333333	0	-0.248265341653067	0	0	-1	Proteobacteria	520	0
OTU_449	1	0	0	6.71495502590075e-08	0	8	-0.848874687627165	0	0	-1	Unclassified	477	0
OTU_462	3	0	0	2.47299582458683e-16	1	9	-0.0534522483824849	0	0	0	Proteobacteria	761	0
OTU_464	4	43.3889610389605	2730	1.1503213087959e-12	0.666666666666667	3	-0.247870230148153	0	0	0	Bacteroidetes	1537	1
OTU_465	27	939.022645420076	29476	0.169048688774278	0.538461538461538	0	1.14285274593367	0.0713305898491086	0	0	Planctomycetes	2145	1
OTU_467	1	0	0	0.00242801886098545	0	0	-0.902909147576237	0	0	0	Bacteroidetes	497	0
OTU_468	5	11.6285242152889	142	0.0140797096901614	0.8	0	-0.657417720355048	0.32	0	-1	Proteobacteria	418	0
OTU_473	3	620.385399132643	6805	0.000399391365324822	0.666666666666667	1	-0.335279675432721	0	0	0	Actinobacteria	1750	0
OTU_478	5	492.326154361963	4364	0.000529509946814459	0.3	6	1.46860639169514	0	0	-1	Unclassified	1757	0
OTU_482	5	452	3008	3.19276542829645e-06	0.6	5	0.818058711652352	0	0	-1	Acidobacteria	783	0
OTU_483	9	903.661493859817	19963	0.00942816973136558	0	2	0.895162449537147	0.197530864197531	0	0	Bacteroidetes	287	0
OTU_487	6	131.338095238095	354	3.40961148703767e-11	0.533333333333333	3	0.114401644683763	0	0	-1	Acidobacteria	1168	0
OTU_495	1	0	0	0.00876828370182263	0	0	-0.902909147576237	0	0	-1	Unclassified	808	0
OTU_496	1	0	0	0.00143016915754479	0	4	-0.718054354349511	0	0	0	Chloroflexi	569	1
OTU_501	2	15.5588285652905	434	0.00344710740211975	0	13	0	0	0	-1	Proteobacteria	1354	0
OTU_504	3	169.091397736668	4188	0.0048197653331269	0	2	-0.0567071235000908	0	0	-1	Proteobacteria	349	0
OTU_507	2	23.0966079954173	850	0.00264265966692398	0	2	-0.247081038107538	0	0	0	Proteobacteria	977	0
OTU_508	1	0	0	0.000228342188109328	0	2	-0.437454952714986	0	0	-1	Unclassified	223	0
OTU_511	8	24.5709113772786	1095	0.0465575035943123	0.714285714285714	0	-0.493756768874256	0.375	0	-1	Chloroflexi	470	1
OTU_513	1	0	0	0.00300176441128497	0	0	-0.902909147576237	0	0	0	Chloroflexi	358	1
OTU_514	6	0	0	1.54677280402053e-11	1	3	0.114401644683763	0	0	0	Actinobacteria	1212	0
OTU_527	6	22521.1634232404	419984	0.0343611237992243	0.666666666666667	0	-0.575587244614652	0.277777777777778	0	0	Actinobacteria	1991	0
OTU_529	2	0	0	1.62519612636484e-12	1	3	-0.61014210498007	0	0	0	Actinobacteria	1454	0
OTU_540	1	0	0	4.34475384406386e-05	0	1	-0.753749044769802	0	0	0	Bacteroidetes	1617	1
OTU_543	12	64.963945665312	3487	0.0803746879839263	0.681818181818182	0	-0.00277391443187783	0	0	-1	Acidobacteria	1315	0
OTU_544	5	904.890909090909	9706	0.00104045687951994	0.2	1	0.0831896939043593	0	0	0	Bacteroidetes	3129	1
OTU_561	2	8.30571001342063	299	0.00708591474405186	0	2	-0.247081038107538	0	0	-1	Acidobacteria	461	0
OTU_563	1	0	0	8.72061489686866e-06	0	2	-0.437454952714986	0	0	0	Proteobacteria	283	0
OTU_576	8	328.631632256634	11074	1.62222225344594e-11	0.714285714285714	3	0.476673519515679	0	0	0	Actinobacteria	1695	0
OTU_578	2	0	0	9.43086677246874e-13	1	3	-0.61014210498007	0	0	0	Proteobacteria	962	0
OTU_579	1	0	0	0.00418169589383295	0	0	-0.902909147576237	0	0	0	Proteobacteria	1167	0
OTU_584	23	228.066703892043	7556	0.138206392984466	0.573122529644269	0	0.897361318712481	0	0	-1	Acidobacteria	1448	0
OTU_597	12	254.188285669709	4947	0.00158839377164821	0.621212121212121	11	1.17434004377307	0	0	0	Firmicutes	1460	0
OTU_604	12	809.343650228771	31022	0.0839203827482865	0.757575757575758	0	-0.00277391443187783	0	0	-1	Actinobacteria	2171	0
OTU_608	5	140.282038942083	1723	0.0125951852612531	0.1	2	0.133666791107357	0.32	0	-1	Proteobacteria	451	0
OTU_622	6	332.760134622862	4348	0.0095723987523006	0.6	1	-0.126044990764181	0.5	0	-1	Planctomycetes	289	1
OTU_623	3	0	0	0.0032810820971697	1	4	-0.0948373675555959	0	0	-1	Proteobacteria	575	0
OTU_628	1	0	0	6.02806516033104e-05	0	1	-0.753749044769802	0	0	-1	Acidobacteria	455	0
OTU_630	1	0	0	2.52651586136394e-05	0	2	-0.437454952714986	0	0	-1	Acidobacteria	287	0
OTU_635	1	0	0	5.53828282335648e-61	0	15	0	0	0	-1	Unclassified	363	0
OTU_644	1	0	0	0.000864054365308019	0	2	-0.437454952714986	0	0	-1	Actinobacteria	499	0
OTU_664	4	8.68519968833609	289	0.0226833032711193	0.666666666666667	0	-0.739248196095445	0.375	0	-1	Proteobacteria	896	0
OTU_677	23	112.252127767415	5244	0.139731612631217	0.612648221343874	0	0.897361318712481	0	0	-1	Actinobacteria	844	0
OTU_681	1	0	0	9.92220501496485e-12	0	3	-0.791278042396028	0	0	0	Proteobacteria	762	0
OTU_683	1	0	0	0.00467159726523721	0	2	-0.437454952714986	0	0	-1	Planctomycetes	269	1
OTU_684	1	0	0	0.00467159726523721	0	2	-0.437454952714986	0	0	-1	Planctomycetes	283	1
OTU_685	7	484.291860508281	7066	0.0112261437463612	0	2	0.514414620322252	0.244897959183674	0	-1	Acidobacteria	222	0
OTU_689	4	0	0	0.0132317547929946	1	4	-0.0948373675555959	0.375	0	-1	Proteobacteria	522	0
OTU_695	11	1059.07140002201	60181	0.0177486777340625	0.236363636363636	4	1.15159660603224	0.462809917355372	0	-1	Actinobacteria	2402	0
OTU_713	6	0	0	0.0337945736203533	1	0	-0.493756768874256	0	0	0	Actinobacteria	577	0
OTU_715	1	0	0	8.09837243342952e-13	0	3	-0.791278042396028	0	0	0	Proteobacteria	479	0
OTU_716	1	0	0	1.70280338888036e-06	0	6	-0.924678098474716	0	0	-1	Actinobacteria	347	0
OTU_721	1	0	0	0.000228342188109328	0	2	-0.437454952714986	0	0	-1	Verrucomicrobia	335	0
OTU_724	1	0	0	0.000741151673621348	0	4	-0.718054354349511	0	0	0	Chloroflexi	243	1
OTU_732	1	0	0	8.09837243342952e-13	0	3	-0.791278042396028	0	0	-1	Unclassified	624	0
OTU_740	2	452	2902	1.05692137793759e-11	0	3	-0.61014210498007	0	0	-1	Proteobacteria	819	0
OTU_741	4	0	0	0.0242818165217429	1	0	-0.657417720355048	0	0	-1	Actinobacteria	1135	0
OTU_758	12	13.307289942117	610	0.092211388011149	0.772727272727273	0	-0.00277391443187783	0	0	0	Planctomycetes	926	1
OTU_759	1	0	0	4.61496284807882e-14	0	3	-0.791278042396028	0	0	0	Bacteroidetes	732	0
OTU_761	9	2475.03631669164	19741	0.00499237236147545	0	2	0.895162449537147	0.197530864197531	0	-1	Proteobacteria	249	0
OTU_774	4	319.398735869894	6084	0.00551769513714928	0	1	-0.544514360101262	0.5	0	-1	Unclassified	416	0
OTU_776	1	0	0	5.53828282335648e-61	0	20	0	0	0	0	Gemmatimonadetes	168	1
OTU_790	1	0	0	0.00113719722451126	0	2	-0.437454952714986	0	0	0	Proteobacteria	429	0
OTU_797	1	0	0	3.81733697037895e-05	0	1	-0.753749044769802	0	0	-1	Actinobacteria	724	0
OTU_799	63	19266.9673689081	230405	0.111872747893226	0.0460829493087558	2	7.17750163158291	0.505416981607458	2	-1	Proteobacteria	470	0
OTU_807	4	0	0	0.0254585175183367	1	0	-0.657417720355048	0	0	-1	Proteobacteria	340	0
OTU_817	4	100.663489297045	3048	0.00744264247447628	0	2	0.133666791107357	0	0	-1	Proteobacteria	160	0
OTU_841	7	17.502281448779	354	0.0193527411660425	0.857142857142857	0	-0.411926293133859	0	0	0	Planctomycetes	1202	1
OTU_842	2	75.6257760671143	734	0.00488434452327738	0	2	-0.437454952714986	0.5	0	-1	Verrucomicrobia	357	0
OTU_850	1	0	0	0.00610942299375684	0	0	-0.902909147576237	0	0	-1	Acidobacteria	501	0
OTU_886	3	0.25	1	3.79106510605529e-13	0.666666666666667	3	-0.429006167564111	0	0	0	Bacteroidetes	620	0
OTU_891	4	542.331157037828	6828	0.00720982905672132	0	2	0.133666791107357	0	0	0	Proteobacteria	236	0
OTU_892	36	8442.73501899028	107496	0.0578166985092758	0.0317460317460317	2	4.3218929124712	0.425925925925926	2	0	Proteobacteria	503	0
OTU_911	4	156.91248249799	4205	0.00740617220622756	0	2	0.133666791107357	0	0	-1	Proteobacteria	153	0
OTU_922	2	128.394185678331	3702	0.00471798618259434	0	2	-0.247081038107538	0	0	-1	Unclassified	223	0
OTU_924	8	396.051027820554	6773	0.0400715360983709	0.428571428571429	0	-0.493756768874256	0.375	0	0	Gemmatimonadetes	619	1
OTU_940	4	322.466004581874	6665	0.00314272944113155	0	2	-0.0567071235000908	0.375	0	-1	Acidobacteria	295	0
OTU_944	8	14.1725978465344	725	0.000496348295843909	0.821428571428571	11	0.277571283073635	0	0	0	Firmicutes	13819	1
OTU_958	30	465.205139616913	21940	0.177125971322482	0.491954022988506	0	1.47017464889526	0	0	-1	Actinobacteria	2550	0
OTU_961	1	0	0	0.00467159726523721	0	2	-0.437454952714986	0	0	-1	Acidobacteria	258	0
OTU_983	2	10.7430896794124	136	0.00547140414359089	0	2	-0.437454952714986	0.5	0	-1	Firmicutes	302	0
OTU_985	5	4.94871565014941	30	0.00139684861450725	0.8	1	0.0831896939043593	0	0	-1	Acidobacteria	668	0
OTU_999	12	2.26877725478239	42	0.0873379745554255	0.924242424242424	0	-0.00277391443187783	0	0	0	Planctomycetes	495	1
OTU_1014	1	0	0	0.000356595819606131	0	2	-0.437454952714986	0	0	-1	Bacteroidetes	235	0
OTU_1017	2	0	0	0.000548492828171071	1	1	-0.544514360101262	0	0	-1	Proteobacteria	639	0
OTU_1020	1	0	0	0.00467159726523721	0	2	-0.437454952714986	0	0	-1	Verrucomicrobia	192	0
OTU_1021	2	5.98618203262166	62	0.000104669871640369	0	2	-0.247081038107538	0	0	-1	Actinobacteria	175	0
OTU_1039	1	0	0	0.00241431747881465	0	2	-0.437454952714986	0	0	0	Armatimonadetes	212	1
OTU_1046	8	231.33171278012	7188	0.00433067757524627	0.714285714285714	11	0.0533790928987759	0.21875	0	0	Firmicutes	40900	1
OTU_1061	1	0	0	0.0087538843299069	0	0	-0.902909147576237	0	0	-1	Proteobacteria	503	0
OTU_1078	4	903.5	18409	0.000605035613919337	0	2	0.133666791107357	0	0	0	Proteobacteria	364	0
OTU_1091	2	8.30571001342063	299	0.00708591474405186	0	2	-0.247081038107538	0	0	-1	Planctomycetes	166	0
OTU_1092	2	8.30571001342063	299	0.00708591474405186	0	2	-0.247081038107538	0	0	0	Planctomycetes	216	0
OTU_1101	19	113.357317247013	4280	0.115436257446973	0.631578947368421	0	0.570039415750896	0	0	-1	Acidobacteria	1345	0
OTU_1119	3	0	0	0.0150978348439669	1	0	-0.739248196095445	0	0	0	Actinobacteria	452	0
OTU_1140	5	259.413124374856	5160	0.0104803872704513	0	2	0.133666791107357	0.32	0	-1	Actinobacteria	173	0
OTU_1172	1	0	0	8.15358883021893e-13	0	3	-0.791278042396028	0	0	0	Actinobacteria	372	0
OTU_1173	1	0	0	0.000228342188109328	0	2	-0.437454952714986	0	0	-1	Actinobacteria	191	0
OTU_1190	1	0	0	0.00467159726523721	0	2	-0.437454952714986	0	0	-1	Planctomycetes	127	0
OTU_1202	3	0	0	3.3346365648368e-12	1	3	-0.429006167564111	0	0	-1	Proteobacteria	269	0
OTU_1203	15	47.9101478867984	1364	0.0942710414621874	0.723809523809524	0	0.242717512789311	0	0	-1	Proteobacteria	2350	0
OTU_1211	2	452	3252	0.000208836313671824	0	2	-0.247081038107538	0	0	0	Planctomycetes	228	0
OTU_1228	3	72.5485625200254	2356	0.00731425693216118	0	2	-0.0567071235000908	0	0	0	Planctomycetes	179	0
OTU_1251	2	0	0	1.86881959638792e-05	1	11	-1.06758185797552	0	0	0	Firmicutes	1165	0
OTU_1253	6	611.69646597571	6187	0.0117752330187124	0.333333333333333	1	-0.544514360101262	0.611111111111111	0	-1	Unclassified	235	0
OTU_1265	1	0	0	5.53828282335648e-61	0	23	0	0	0	-1	Verrucomicrobia	155	0
OTU_1278	3	72.5485625200254	2356	0.00731425693216118	0	2	-0.0567071235000908	0	0	-1	Proteobacteria	186	0
OTU_1298	1	0	0	4.41351015136584e-13	0	3	-0.791278042396028	0	0	0	Proteobacteria	2146	0
OTU_1313	3	0	0	1.21275698356896e-11	1	3	-0.429006167564111	0	0	0	Actinobacteria	953	0
OTU_1337	2	0	0	0.00967421858710428	1	2	-0.437454952714986	0.5	0	-1	Unclassified	395	0
OTU_1360	16	1047.68700515905	11419	0.00313849882049999	0.233333333333333	1	2.17553654058976	0.1171875	0	-1	Acidobacteria	5244	1
OTU_1370	1	0	0	2.78127381973441e-06	0	5	-0.97639265584313	0	0	0	Actinobacteria	1438	0
OTU_1382	12	46.4143438150205	1267	0.0711460508634181	0.772727272727273	0	-0.0846043901722741	0.152777777777778	0	-1	Proteobacteria	689	0
OTU_1387	1	0	0	0.000356595819606131	0	2	-0.437454952714986	0	0	0	Firmicutes	229	0
OTU_1396	3	31.7320411125158	879	0.00721430028636695	0	2	-0.0567071235000908	0	0	0	Bacteroidetes	212	0
OTU_1434	7	46.9050575667793	632	0.00307450377040426	0	2	0.704788534929699	0	0	-1	Firmicutes	192	0
OTU_1479	6	478.242641075363	5599	0.00266198948120687	0	2	0.514414620322252	0	0	0	Proteobacteria	378	0
OTU_1487	2	452	3252	0.000208836313671824	0	2	-0.247081038107538	0	0	-1	Actinobacteria	159	0
OTU_1504	1	0	0	5.53828282335648e-61	0	22	0	0	0	-1	Unclassified	185	0
OTU_1513	22	3120.70930812909	41079	0.00546820853488029	0	2	2.60852768100417	0.37603305785124	2	-1	Unclassified	246	0
OTU_1589	2	0	0	0.00831728878257096	1	2	-0.437454952714986	0.5	0	-1	Acidobacteria	292	0
OTU_1610	1	0	0	2.8089466180458e-09	0	8	-0.848874687627165	0	0	-1	Acidobacteria	934	0
OTU_1684	1	0	0	0.00113719722451126	0	2	-0.437454952714986	0	0	0	Firmicutes	199	0
OTU_1728	4	132.813523201375	3245	0.0073966046868555	0	2	0.133666791107357	0	0	-1	Unclassified	370	0
OTU_1769	5	469.482871539306	11029	0.00111089534492029	0	2	0.324040705714804	0	0	0	Proteobacteria	184	0
OTU_1773	1	0	0	0.00113719722451126	0	2	-0.437454952714986	0	0	0	Firmicutes	207	0
OTU_1802	1	0	0	5.53828282335648e-61	0	21	0	0	0	-1	Cyanobacteria/Chloroplast	27266	1
OTU_1826	1	0	0	2.5878430066721e-05	0	1	-0.753749044769802	0	0	-1	Actinobacteria	1047	0
OTU_1835	2	452	3347	0.00467975755412777	0	2	-0.247081038107538	0	0	-1	Acidobacteria	211	0
OTU_1841	1	0	0	5.53828282335648e-61	0	20	0	0	0	-1	Firmicutes	173	0
OTU_1862	1	0	0	5.53828282335648e-61	0	22	0	0	0	-1	Unclassified	198	0
OTU_1934	3	122.866624895572	5453	8.36738775391916e-13	0.333333333333333	3	-0.429006167564111	0	0	-1	Actinobacteria	763	0
OTU_1947	1	0	0	0.000301725847051801	0	2	-0.437454952714986	0	0	-1	Proteobacteria	232	0
OTU_1988	14	48.5353645567748	1572	0.0878883259860499	0.681318681318681	0	0.160887037048915	0	0	-1	Proteobacteria	2033	0
OTU_2027	1	0	0	0.00467159726523721	0	2	-0.437454952714986	0	0	-1	Bacteroidetes	196	0
OTU_2155	1	0	0	0.000208472157061084	0	2	-0.437454952714986	0	0	-1	Unclassified	145	0
OTU_2172	15	4594.19644693716	39636	0.0272329507830722	0.0285714285714286	2	1.65665810796694	0.32	0	-1	Proteobacteria	272	0
OTU_2191	1	0	0	1.91402681975168e-13	0	3	-0.791278042396028	0	0	0	Proteobacteria	514	0
OTU_2230	2	0	0	0.00831728878257096	1	2	-0.437454952714986	0.5	0	-1	Acidobacteria	450	0
OTU_2293	13	498.126456267591	11297	0.00155904019061055	0.576923076923077	11	1.39853223394793	0	0	-1	Firmicutes	9733	1
OTU_2303	1	0	0	1.11807789043399e-17	0	9	-1.01559271926721	0	0	-1	Proteobacteria	546	0
OTU_2304	1	0	0	0.00241431747881465	0	2	-0.437454952714986	0	0	0	Chlamydiae	134	1
OTU_2412	1	0	0	1.33970118412364e-07	0	5	-0.97639265584313	0	0	0	Actinobacteria	847	0
OTU_2591	6	505.389493429517	4390	0.00243734906917727	0	2	0.324040705714804	0.277777777777778	0	-1	Armatimonadetes	308	1
OTU_2793	3	4.45985304186143	45	0.00197201708024841	0	2	-0.0567071235000908	0	0	-1	Unclassified	196	0
OTU_2932	5	286.371198770889	1853	0.0242540724080646	0.4	0	-0.657417720355048	0.32	0	-1	Unclassified	366	0
OTU_2944	1	0	0	0.00467159726523721	0	2	-0.437454952714986	0	0	-1	Acidobacteria	138	0
OTU_3148	3	0	0	0.0221656519931081	1	0	-0.739248196095445	0	0	-1	Actinobacteria	1754	0
OTU_3284	1	0	0	0.00300176441128497	0	0	-0.902909147576237	0	0	1	Actinobacteria	636	0
OTU_3446	1	0	0	3.81733697037895e-05	0	1	-0.753749044769802	0	0	-1	Firmicutes	1175	0
OTU_3634	56	6419.15681957924	111968	0.254545344464587	0.271428571428571	0	3.27044511518397	0.13265306122449	2	0	Proteobacteria	5549	0
OTU_3754	1	0	0	0.000195417945884897	0	2	-0.437454952714986	0	0	0	Proteobacteria	207	0
OTU_3822	2	902	3436	0.000285204659025506	0	7	0	0	0	-1	Acidobacteria	2473	0
OTU_3895	1	0	0	5.53828282335648e-61	0	23	0	0	0	0	Proteobacteria	218	0
OTU_4163	3	532.483333333333	5439	1.06578837102165e-11	0	3	-0.429006167564111	0	0	0	Bacteroidetes	917	1
OTU_4247	15	3104.49111404231	28283	0.00604977240021524	0.238095238095238	1	1.96630185592122	0.124444444444444	0	-1	Actinobacteria	5651	0
OTU_4524	3	0	0	0.0195837590105365	1	0	-0.739248196095445	0	0	-1	Acidobacteria	362	0
OTU_4687	2	1.92863247863248	14	0.00375191861675637	0	1	-0.753749044769802	0.5	0	-1	Acidobacteria	4064	0
OTU_5062	2	0	0	0.000297156863392575	1	7	0	0	0	0	Proteobacteria	4008	0
OTU_5155	14	619.835181860661	7084	0.0471273378434722	0.417582417582418	0	-0.0846043901722741	0.357142857142857	0	0	Bacteroidetes	878	1
OTU_5625	2	34.9887562925758	817	0.000305439830854317	0	2	-0.247081038107538	0	0	0	Firmicutes	170	0
OTU_5678	2	3560	65880	1.27953166358567e-13	0	9	-1.01559271926721	0.5	0	0	Proteobacteria	1378	0
OTU_5730	7	0.166666666666667	1	1.66163181563641e-11	0.952380952380952	3	0.295537582099721	0	0	-1	Actinobacteria	965	0
OTU_5766	3	8	8	6.80587278315554e-43	0.333333333333333	10	0.816496580927726	0	0	-1	Verrucomicrobia	1940	1
OTU_5886	10	117.123740918446	2458	0.00152045407487122	0.777777777777778	11	0.725955663423352	0	0	-1	Firmicutes	3101	0
OTU_6522	3	0	0	0.00455617196149509	1	1	-0.544514360101262	0.444444444444444	0	-1	Acidobacteria	715	0
OTU_6597	2	0	0	0.00255923972892671	1	0	-0.821078671835841	0	0	-1	Proteobacteria	4341	0
OTU_6608	3	0	0	0.0168413031743429	1	0	-0.739248196095445	0	0	-1	Acidobacteria	2750	0
OTU_7063	4	0	0	0.00130733190796189	1	11	-0.6191974776258	0	0	-1	Firmicutes	1090	0
OTU_7423	1	0	0	5.53828282335648e-61	0	19	0	0	0	0	Proteobacteria	8938	1
OTU_7456	26	4349.03749651939	59922	0.0824717377449195	0.307692307692308	0	0.651869891491293	0.387573964497041	0	-1	Acidobacteria	863	0
OTU_7888	9	667.199305940278	9091	0.00950927218381018	0.166666666666667	1	0.0831896939043593	0.567901234567901	0	-1	Acidobacteria	3236	0
OTU_7905	1	0	0	0.000195759896875453	0	2	-0.437454952714986	0	0	-1	Actinobacteria	112	0
OTU_8043	1	0	0	0.000119320671260468	0	13	0	0	0	-1	Acidobacteria	779	0
OTU_8100	3	0	0	0.000151335037425559	1	11	-0.843389667800659	0	0	0	Firmicutes	11153	1
OTU_8145	4	731.099635327272	14795	0.00721295905319806	0	2	0.133666791107357	0	0	-1	Acidobacteria	145	0
OTU_8148	2	0	0	0.000524122957078178	1	1	-0.544514360101262	0	0	-1	Proteobacteria	4844	0
OTU_8325	1	0	0	5.53828282335648e-61	0	21	0	0	0	-1	Cyanobacteria/Chloroplast	866	1
OTU_8377	1	0	0	0.0087538843299069	0	0	-0.902909147576237	0	0	-1	Acidobacteria	1905	0
OTU_8379	9	1357.66323906996	15337	0.00853955338142309	0	2	1.08553636414459	0	0	0	Bacteroidetes	192	0
OTU_8598	6	100.425651131983	1328	0.00299132087461536	0.4	1	0.0831896939043593	0.277777777777778	0	-1	Acidobacteria	5663	1
OTU_8801	1	0	0	5.53828282335648e-61	0	18	0	0	0	-1	Acidobacteria	359	0
OTU_8849	1	0	0	1.60937913318904e-08	0	5	-0.97639265584313	0	0	-1	Actinobacteria	2438	0
OTU_8875	1	0	0	1.79078117611895e-05	0	11	-1.29177404815038	0	0	0	Firmicutes	1033	0
OTU_8943	1	0	0	0.00928367248493088	0	0	-0.902909147576237	0	0	0	Planctomycetes	690	1
OTU_8971	2	2.62354283880655	30	0.000193985271381513	0	2	-0.247081038107538	0	0	0	Actinobacteria	196	0
OTU_9189	1	0	0	1.05507837503593e-11	0	3	-0.791278042396028	0	0	-1	Proteobacteria	668	0
OTU_9679	1	0	0	4.98192005475558e-07	0	7	-0.866025403784439	0	0	-1	Actinobacteria	1929	0
OTU_9746	1	0	0	1.16146208995677e-54	0	14	0	0	0	-1	Verrucomicrobia	5863	1
OTU_9779	6	1283.78822835637	10698	0.00605167216650015	0.133333333333333	6	0.271964146610211	0.5	0	-1	Proteobacteria	274	0
OTU_9905	4	903	3437	0.0002981549939767	0.166666666666667	7	1.73205080756888	0	0	-1	Unclassified	4684	1
OTU_9957	11	1155.95635565357	19002	0.0648615186080107	0.454545454545455	0	-0.16643486591267	0.165289256198347	0	-1	Proteobacteria	855	0
OTU_9994	5	258.296845817023	5993	0.0015027192417478	0	2	0.324040705714804	0	0	-1	Planctomycetes	149	0
OTU_10251	2	8.30571001342063	299	0.00708591474405186	0	2	-0.247081038107538	0	0	-1	Acidobacteria	183	0
OTU_10345	3	0	0	0.0122542006368602	1	1	-0.753749044769802	0.444444444444444	0	0	Actinobacteria	552	0
OTU_10370	5	1183.09963532727	19402	0.00722555856173641	0	2	0.324040705714804	0	0	-1	Acidobacteria	340	0
OTU_10401	1	0	0	0.000502236560080817	0	1	-0.753749044769802	0	0	0	Actinobacteria	5157	0
OTU_10488	22	336.825341159752	7991	0.139384658577483	0.593073593073593	0	0.733700367231689	0.0867768595041321	0	-1	Actinobacteria	1177	0
OTU_10632	1	0	0	0.000228342188109328	0	2	-0.437454952714986	0	0	-1	Acidobacteria	303	0
OTU_10917	6	177.714344772047	1613	0.00131830983733774	0.466666666666667	1	0.2924243785729	0	0	0	Actinobacteria	1926	0
OTU_10998	6	76.5866755736588	985	0.00161496009969676	0.6	1	0.2924243785729	0	0	-1	Acidobacteria	1381	0
OTU_11034	2	0	0	0.000395697312482692	1	1	-0.544514360101262	0	0	-1	Acidobacteria	506	0
OTU_11054	4	945.922497758691	5838	0.000974819857350761	0.166666666666667	6	0.870285269152674	0	0	-1	Proteobacteria	1484	0
OTU_11276	7	936.001600486956	10941	0.0127430761446896	0.19047619047619	1	-0.544514360101262	0.73469387755102	1	-1	Acidobacteria	534	0
OTU_11326	3	1.70634920634921	7	2.74164660787272e-13	0.333333333333333	3	-0.429006167564111	0	0	0	Proteobacteria	1081	0
OTU_11423	2	3.5	5	2.57887352594576e-43	0	10	-0.204124145231932	0	0	-1	Verrucomicrobia	969	0
OTU_11791	9	2.46666666666667	14	0.000524455860372787	0.861111111111111	11	0.501763473248493	0	0	-1	Firmicutes	1985	0
OTU_11931	1	0	0	0.00876828370182263	0	0	-0.902909147576237	0	0	-1	Actinobacteria	922	0
OTU_12094	7	141.962706836821	2406	0.000903725705669083	0.523809523809524	1	0.50165906324144	0	0	-1	Acidobacteria	3264	0
OTU_12310	22	2949.97857778884	19088	0.0581448113956669	0.255411255411255	0	0.651869891491293	0.165289256198347	0	-1	Proteobacteria	3130	0
OTU_12359	1	0	0	0.000284706467020031	0	7	-0.866025403784439	0	0	-1	Acidobacteria	1672	0
OTU_12516	2	0	0	0.0115013701022579	1	0	-0.821078671835841	0	0	-1	Actinobacteria	921	0
OTU_12543	13	130.69172870713	3564	0.0803103698437649	0.692307692307692	0	-0.00277391443187783	0.142011834319526	0	-1	Actinobacteria	1527	0
OTU_12580	2	0	0	0.00789977221241956	1	0	-0.821078671835841	0	0	-1	Acidobacteria	900	0
OTU_12734	3	7.5	9	7.10970390165844e-43	0.333333333333333	10	0.816496580927726	0	0	-1	Verrucomicrobia	4234	1
OTU_13164	1	0	0	3.88459993812613e-52	0	12	-1	0	0	-1	Acidobacteria	798	0
OTU_13168	9	112.012409953439	13533	0.0541593004669272	0.833333333333333	0	-0.330095817393463	0.197530864197531	0	0	Actinobacteria	1219	0
OTU_13177	42	9504.67416646448	160765	0.18869037760538	0.306620209059233	0	2.04298797907803	0.218820861678005	0	0	Actinobacteria	2442	0
OTU_13294	1	0	0	0.00467159726523721	0	2	-0.437454952714986	0	0	0	Bacteroidetes	193	0
OTU_13791	5	16.1859649122807	101	2.17796601785063e-12	0.7	3	-0.0667342927321951	0	0	-1	Proteobacteria	1520	0
OTU_14293	15	932.579337694467	27695	4.58345661873152e-12	0.285714285714286	3	1.74462508142739	0	0	0	Proteobacteria	7408	0
OTU_14351	9	70.7748260511418	258	4.68758715565334e-12	0.5	3	0.657809456931638	0	0	0	Proteobacteria	2890	0
OTU_14574	19	1802.51666428996	30320	0.0997229084148268	0.532163742690059	0	0.4882089400105	0.0997229916897509	0	-1	Acidobacteria	2865	0
OTU_14601	4	0	0	0.000382443312673534	1	11	-0.6191974776258	0	0	0	Firmicutes	1202	0
OTU_14617	2	10	12	4.2680962077609e-43	0	10	-0.204124145231932	0	0	-1	Verrucomicrobia	19474	1
OTU_14733	4	38.2642177595432	682	0.0022481343341803	0.333333333333333	4	0.216771125841362	0	0	-1	Actinobacteria	2187	0
OTU_14736	14	3299.27666674695	43514	0.0044424037386015	0.527472527472527	11	1.39853223394793	0.13265306122449	0	-1	Firmicutes	7599	1
OTU_14864	5	433.31138891346	5989	0.00220113457939639	0	2	0.324040705714804	0	0	0	Planctomycetes	182	0
OTU_15204	1	0	0	5.53828282335648e-61	0	15	0	0	0	-1	Acidobacteria	138	0
OTU_15640	1	0	0	0.0033548291488307	0	0	-0.902909147576237	0	0	-1	Acidobacteria	357	0
OTU_15903	3	9.96666666666667	65	1.75292392058983e-12	0.666666666666667	3	-0.429006167564111	0	0	-1	Proteobacteria	869	0
OTU_16045	7	0.751500087214373	9	0.0472125085900093	0.857142857142857	0	-0.411926293133859	0	0	-1	Actinobacteria	2280	0
OTU_16427	1	0	0	1.24503963725442e-05	0	7	-0.866025403784439	0	0	-1	Unclassified	2241	1
OTU_16473	2	0	0	0.000524122957078178	1	1	-0.544514360101262	0	0	-1	Proteobacteria	1574	0
OTU_16896	1	0	0	2.52651586136394e-05	0	2	-0.437454952714986	0	0	-1	Verrucomicrobia	313	0
OTU_17111	1	0	0	0.000502236560080817	0	1	-0.753749044769802	0	0	0	Proteobacteria	1146	0
OTU_17156	4	36.9141912759191	503	0.00468251982053443	0.666666666666667	1	-0.335279675432721	0.375	0	0	Actinobacteria	1138	0
OTU_17462	1	0	0	1.24503963725442e-05	0	7	-0.866025403784439	0	0	-1	Verrucomicrobia	2013	1
OTU_17787	5	0	0	0.0325532658629482	1	0	-0.575587244614652	0	0	-1	Actinobacteria	2273	0
OTU_17935	1	0	0	5.53828282335648e-61	0	18	0	0	0	-1	Acidobacteria	2894	0
OTU_18010	1	0	0	0.00091057851155107	0	4	-0.718054354349511	0	0	-1	Actinobacteria	1853	0
OTU_18117	1	0	0	0.000195759896875453	0	2	-0.437454952714986	0	0	0	Actinobacteria	140	0
OTU_18250	1	0	0	5.53828282335648e-61	0	19	0	0	0	-1	Proteobacteria	2652	0
OTU_18343	1	0	0	4.63889173571322e-05	0	2	-0.437454952714986	0	0	-1	Proteobacteria	223	0
OTU_18617	1	0	0	6.55058483435445e-05	0	11	-1.29177404815038	0	0	-1	Firmicutes	714	0
OTU_18641	4	14.0845199145212	1575	0.026276825273281	0.666666666666667	0	-0.657417720355048	0	0	-1	Acidobacteria	1302	0
OTU_18671	6	18.1919255811519	367	0.00140429128960233	0.733333333333333	1	0.2924243785729	0	0	-1	Verrucomicrobia	423	0
OTU_18890	2	6.16921019737068	76	0.00100445640764418	0	4	-0.406445860952554	0	0	-1	Actinobacteria	3612	0
OTU_19050	1	0	0	0.000174924843770279	0	0	-0.902909147576237	0	0	0	Proteobacteria	2039	0
OTU_19222	3	659.220482894382	6276	0.000763772134412413	0.333333333333333	1	-0.335279675432721	0	0	0	Actinobacteria	832	0
OTU_19287	1	0	0	1.27727794224981e-13	0	3	-0.791278042396028	0	0	-1	Proteobacteria	1002	0
OTU_19707	1	0	0	0.00295549515821521	0	0	-0.902909147576237	0	0	0	Firmicutes	264	0
OTU_19766	1	0	0	0.00171390107182294	0	4	-0.718054354349511	0	0	-1	Proteobacteria	532	0
OTU_19805	2	0	0	0.00550485788194789	1	1	-0.753749044769802	0.5	0	0	Proteobacteria	600	0
OTU_19958	1	0	0	0.00467159726523721	0	2	-0.437454952714986	0	0	0	Proteobacteria	412	0
OTU_20055	1	0	0	2.59771103254025e-43	0	10	-1.22474487139159	0	0	-1	Verrucomicrobia	16552	1
OTU_20058	1	0	0	0.00467159726523721	0	2	-0.437454952714986	0	0	-1	Proteobacteria	194	0
OTU_20094	1	0	0	0.000185181001432065	0	4	-0.718054354349511	0	0	-1	Acidobacteria	597	0
OTU_20278	3	0	0	0.000687062514394269	1	1	-0.335279675432721	0	0	-1	Acidobacteria	425	0
OTU_20360	5	230.925032936736	3792	0.0108913490213372	0.3	2	-0.247081038107538	0.48	0	-1	Proteobacteria	164	0
OTU_20452	1	0	0	0.00011115971509547	0	2	-0.437454952714986	0	0	-1	Proteobacteria	226	0
OTU_20797	34	1875.52768565213	73130	0.147510161227684	0.383244206773619	0	1.38834417315486	0.250865051903114	0	-1	Actinobacteria	5675	0
OTU_20810	5	308.199999999999	6002	3.20286991648697e-06	0.7	5	0.818058711652352	0	0	0	Actinobacteria	2331	0
OTU_21239	11	282.157907571689	18095	0.0652732824644295	0.709090909090909	0	-0.16643486591267	0.165289256198347	0	-1	Actinobacteria	3737	0
OTU_21262	9	1600.76118282731	25244	0.0124735082471961	0.388888888888889	1	0.2924243785729	0.493827160493827	0	-1	Verrucomicrobia	899	0
OTU_21361	30	975.840105456233	28243	0.146304978726585	0.427586206896552	0	1.38834417315486	0.0644444444444445	0	-1	Acidobacteria	2113	0
OTU_21434	2	0	0	9.80185513005069e-05	1	1	-0.544514360101262	0	0	-1	Verrucomicrobia	719	0
OTU_21522	5	30802.8152445472	478269	0.00156751682116087	0.1	1	-0.335279675432721	0.56	0	0	Actinobacteria	4331	0
OTU_21582	7	1353.97966055397	9799	0.020691881320681	0.0476190476190476	2	0.133666791107357	0.571428571428571	0	0	Gemmatimonadetes	596	1
OTU_21739	3	10.5	13	3.05951099871272e-43	0	10	0.816496580927726	0	0	-1	Verrucomicrobia	1135	0
OTU_21837	7	940.574159743523	15519	0.0174612908377245	0.380952380952381	1	-0.126044990764181	0.489795918367347	0	0	Actinobacteria	1178	0
OTU_21841	2	0	0	0.000520685470158551	1	1	-0.544514360101262	0	0	-1	Proteobacteria	855	0
OTU_21849	1	0	0	8.72061489686866e-06	0	2	-0.437454952714986	0	0	-1	Proteobacteria	162	0
OTU_21915	6	12.1133857272513	78	0.000848713812956143	0.6	1	0.2924243785729	0	0	-1	Acidobacteria	4567	0
OTU_21937	1	0	0	8.13075765808844e-05	0	1	-0.753749044769802	0	0	0	Actinobacteria	809	0
OTU_22049	1	0	0	0.00344386592606036	0	0	-0.902909147576237	0	0	-1	Acidobacteria	1112	0
OTU_22051	1	0	0	0.000224860341375807	0	6	-0.924678098474716	0	0	-1	Unclassified	988	0
OTU_22064	1	0	0	1.16748843229424e-43	0	10	-1.22474487139159	0	0	-1	Verrucomicrobia	743	0
OTU_22141	2	0	0	8.76997383202816e-05	1	11	-1.06758185797552	0	0	-1	Firmicutes	353	0
OTU_22242	3	167.471120238117	1806	0.00079858875976546	0.333333333333333	1	-0.544514360101262	0.444444444444444	0	-1	Proteobacteria	533	0
OTU_22338	4	0.952380952380952	4	1.25625255329377e-12	0.833333333333333	3	-0.247870230148153	0	0	0	Actinobacteria	752	0
OTU_22366	1	0	0	1.28311624452893e-12	0	3	-0.791278042396028	0	0	-1	Acidobacteria	688	0
OTU_22456	1	0	0	0.000267374146558601	0	1	-0.753749044769802	0	0	0	Proteobacteria	3771	0
OTU_22558	3	903	6693	0.00468794640148935	0	2	-0.0567071235000908	0	0	-1	Acidobacteria	347	0
OTU_22658	4	4.75	14	0.00314240253202883	0.5	0	-0.657417720355048	0	0	-1	Proteobacteria	1049	0
OTU_22698	2	7.59321941601044	215	0.00254270302112974	0	2	-0.247081038107538	0	0	0	Bacteroidetes	248	0
OTU_22728	4	0	0	0.0321186263444002	1	0	-0.657417720355048	0	0	-1	Proteobacteria	1042	0
OTU_22802	2	5	7	3.69830125566323e-43	0	10	-0.204124145231932	0	0	-1	Verrucomicrobia	897	0
OTU_22899	1	0	0	0.000510754928473875	0	1	-0.753749044769802	0	0	-1	Acidobacteria	1700	0
OTU_22981	3	34.5	160	3.03011720221982e-06	0.666666666666667	5	-0.0791669720953888	0	0	0	Actinobacteria	2714	0
OTU_23060	2	22.9636126062335	334	0.00515266105291438	0	2	-0.247081038107538	0	0	-1	Acidobacteria	203	0
OTU_23091	3	0	0	0.000388984946565291	1	1	-0.335279675432721	0	0	0	Actinobacteria	1792	0
OTU_23115	2	0	0	0.000835029569714463	1	4	-0.406445860952554	0	0	-1	Actinobacteria	731	0
OTU_23319	1	0	0	0.000502236560080817	0	1	-0.753749044769802	0	0	0	Proteobacteria	637	0
OTU_23377	2	3.43887501387501	25	6.40803625385926e-13	0	3	-0.61014210498007	0	0	0	Proteobacteria	1371	0
OTU_23738	1	0	0	0.00467159726523721	0	2	-0.437454952714986	0	0	-1	Verrucomicrobia	156	0
OTU_23828	7	1271.04987064309	20576	0.00759077819925859	0	2	0.514414620322252	0.244897959183674	0	-1	Unclassified	248	0
OTU_23906	16	127.825419548711	4027	0.0848375532808509	0.566666666666667	0	0.324547988529707	0	0	-1	Actinobacteria	1093	0
OTU_24061	1	0	0	4.41351015136584e-13	0	3	-0.791278042396028	0	0	0	Proteobacteria	5274	0
OTU_24085	2	452	2627	4.07777647211517e-05	0	6	-0.326356975932253	0	0	-1	Crenarchaeota	3141	1
OTU_24090	11	60.5432264234897	1477	0.000531486623764334	0.6	11	0.950147853598211	0	0	-1	Firmicutes	11437	1
OTU_24102	1	0	0	0.00876828370182263	0	0	-0.902909147576237	0	0	-1	Unclassified	586	0
OTU_24324	1	0	0	8.09837243342952e-13	0	3	-0.791278042396028	0	0	0	Actinobacteria	220	0
OTU_24385	1	0	0	3.88459993812613e-52	0	12	-1	0	0	-1	Acidobacteria	985	0
OTU_24474	1	0	0	1.27727794224981e-13	0	3	-0.791278042396028	0	0	0	Proteobacteria	472	0
OTU_24536	1	0	0	0.000316976737841812	0	2	-0.437454952714986	0	0	0	Actinobacteria	492	0
OTU_24660	1	0	0	5.53828282335648e-61	0	17	0	0	0	1	Crenarchaeota	1699	1
OTU_24748	2	0	0	2.3655291249036e-16	1	9	-0.534522483824849	0	0	0	Proteobacteria	2189	0
OTU_24893	1	0	0	0.00241431747881465	0	2	-0.437454952714986	0	0	-1	Unclassified	259	0
OTU_25138	1	0	0	0.000101779150532563	0	2	-0.437454952714986	0	0	0	Firmicutes	172	0
OTU_25187	1	0	0	1.16146208995677e-54	0	14	0	0	0	-1	Verrucomicrobia	1810	0
OTU_25345	3	0	0	1.05291119347785e-12	1	3	-0.429006167564111	0	0	0	Proteobacteria	789	0
OTU_25392	3	28.0229140140905	219	0.000677253490445106	0.666666666666667	1	-0.335279675432721	0	0	-1	Acidobacteria	11267	1
OTU_25900	18	180.948819603367	5737	0.11312719482162	0.69281045751634	0	0.4882089400105	0	0	-1	Actinobacteria	995	0
OTU_25972	3	0	0	1.13448935922204e-12	1	3	-0.429006167564111	0	0	0	Proteobacteria	1395	0
OTU_25976	2	18.3064780364905	255	0.000709405975786498	0	2	-0.247081038107538	0	0	-1	Proteobacteria	411	0
OTU_26168	1	0	0	0.000228342188109328	0	2	-0.437454952714986	0	0	-1	Proteobacteria	967	0
OTU_26248	21	3755.9551767157	84964	0.122862231086678	0.547619047619048	0	0.4882089400105	0.253968253968254	0	0	Actinobacteria	3045	0
