ID	"node.degree"	"node.betw"	"node.stress"	"node.evcent"	"Clustering.Coefficient"	No. module	Zi	Pi	Role	Flag	Taxonomy	Abundance	Top?
OTU_1	13	2347.77792807495	15872	0.00199884197985134	0.307692307692308	11	2.32992949004287	0	0	0	Firmicutes	89194	1
OTU_2	3	7	7	2.138286314636e-40	0.333333333333333	7	1.22474487139159	0	0	-1	Verrucomicrobia	102995	1
OTU_3	2	2	2	1.64823764404433e-48	0	12	1	0	0	-1	Acidobacteria	56851	1
OTU_4	13	3695.80941648961	24433	0.013246831486499	0.0769230769230769	1	3.67055030095625	0.378698224852071	2	0	Proteobacteria	63733	1
OTU_5	7	4237.69349635579	28020	0.0252411722984881	0.285714285714286	11	-0.429197537639476	0.489795918367347	0	0	Firmicutes	63590	1
OTU_6	1	0	0	5.54735218941967e-58	0	16	0	0	0	-1	Cyanobacteria/Chloroplast	24902	1
OTU_7	3	799	9873	3.01974307589388e-06	0	9	1.45999279017686	0	0	-1	Acidobacteria	20633	1
OTU_12	2	2	2	1.64823764404433e-48	0	12	1	0	0	-1	Crenarchaeota	12508	1
OTU_13	3	21294	188856	5.4261256972626e-06	0.333333333333333	5	0.226778683805536	0	0	0	Actinobacteria	15132	1
OTU_14	36	6537.32905561463	35960	0.218079308322963	0.223809523809524	3	2.84432574325398	0.104938271604938	2	-1	Acidobacteria	17462	1
OTU_15	25	3504.3237754277	21308	0.128883826066739	0.243333333333333	1	3.20508196569006	0.6688	3	0	Proteobacteria	19867	1
OTU_19	1	0	0	5.54735218941967e-58	0	16	0	0	0	-1	Unclassified	10160	1
OTU_20	2	1	1	4.65345629549833e-51	0	15	0	0	0	-1	Verrucomicrobia	12215	1
OTU_21	12	717.770749738044	13573	0.0280792805808203	0.242424242424242	3	0.308264811882717	0	0	-1	Acidobacteria	16864	1
OTU_23	1	0	0	2.86057877848e-07	0	5	-0.982707629823991	0	0	-1	Actinobacteria	8299	1
OTU_26	1	0	0	1.71398353748869e-08	0	5	-0.982707629823991	0	0	0	Proteobacteria	7282	1
OTU_27	12	68.3398945285754	1114	0.12222528088419	0.606060606060606	3	0.308264811882717	0	0	-1	Actinobacteria	9599	1
OTU_30	6	1405.39012904621	20586	0.00529686964560997	0.333333333333333	0	-0.323265905237286	0.5	0	0	Proteobacteria	12588	1
OTU_31	21	3574.8218714994	35807	0.0117031426884287	0.0904761904761905	0	4.38236127186895	0	2	-1	Acidobacteria	12524	1
OTU_32	1	0	0	1.69182912138099e-07	0	9	-0.811107105653812	0	0	-1	Proteobacteria	16152	1
OTU_33	6	3686.72186297074	13254	0.00767908124245739	0	1	1.34320862462529	0.277777777777778	0	0	Gemmatimonadetes	7005	1
OTU_35	3	21079	187549	3.05928646056482e-07	0	5	-0.377964473009227	0.444444444444444	0	0	Proteobacteria	6739	0
OTU_38	24	12086.8409648711	116289	0.0706731668701345	0.11231884057971	0	3.07524261156166	0.503472222222222	2	0	Nitrospira	3381	1
OTU_40	8	3777.16095155126	27902	0.000524230819282125	0.107142857142857	1	1.80867695989149	0.375	0	0	Actinobacteria	12327	1
OTU_41	2	0	0	3.42779345839e-07	1	5	-0.377964473009227	0	0	-1	Actinobacteria	9245	1
OTU_42	9	772.410195404366	8149	0.00625852203144032	0.277777777777778	0	1.24527648713146	0	0	-1	Acidobacteria	8174	1
OTU_43	6	3550.10762946595	44425	0.0009499695808316	0.133333333333333	0	0.199581558885629	0.277777777777778	0	-1	Unclassified	5007	1
OTU_44	2	400	1341	2.42558916829749e-05	0	1	-0.053196381173279	0	0	-1	Unclassified	8364	1
OTU_45	3	182.497619047619	1582	2.96540339041792e-13	0.333333333333333	4	-0.301445758485422	0	0	0	Proteobacteria	16766	1
OTU_47	4	799	4081	0.0182864767948863	0.166666666666667	14	0	0	0	-1	Actinobacteria	7200	1
OTU_49	14	796.706149504429	10623	0.0883216987363517	0.384615384615385	3	0.538815805643741	0	0	-1	Proteobacteria	9580	1
OTU_50	8	1212.83914554618	7581	0.000548797780348642	0.321428571428571	11	0.797081141330456	0	0	-1	Firmicutes	5624	1
OTU_53	43	7204.61573131157	62891	0.279202579292335	0.223698781838317	3	3.074876737015	0.290968090859924	2	-1	Unclassified	7040	1
OTU_55	8	1609.63531746032	20685	6.4193517259588e-12	0.357142857142857	4	0.966540368477066	0	0	0	Proteobacteria	7162	0
OTU_58	26	663.358740167252	8427	0.180067452792324	0.304615384615385	3	1.80684627132937	0.0739644970414202	0	-1	Unclassified	9847	1
OTU_59	5	3345.99999999998	36212	9.79527935148514e-10	0.1	4	0.205748692299573	0	0	0	Actinobacteria	7045	0
OTU_60	32	11069.3810993229	89009	0.191807523328323	0.19758064516129	3	1.34574428380732	0.517578125	0	-1	Actinobacteria	6371	0
OTU_61	32	2890.70069509838	28424	0.222186921481153	0.286290322580645	3	2.26794825885142	0.17578125	0	-1	Actinobacteria	6894	0
OTU_62	1	0	0	5.54735218941967e-58	0	19	0	0	0	0	Proteobacteria	8058	1
OTU_66	5	75.3522904641137	774	0.00115593796990141	0.4	0	0.199581558885629	0	0	-1	Crenarchaeota	4756	1
OTU_67	2	9.98312877054296	29	0.00307108475294918	0	0	-0.584689637298744	0	0	-1	Proteobacteria	2909	0
OTU_68	18	486.64430663944	8383	0.147570566539558	0.418300653594771	3	0.999917793165789	0	0	-1	Unclassified	4265	1
OTU_70	14	904.133417992732	15416	0.0757723060162959	0.351648351648352	3	0.423540308763229	0.13265306122449	0	-1	Actinobacteria	3131	0
OTU_72	1	0	0	5.54735218941967e-58	0	18	0	0	0	1	Crenarchaeota	4122	1
OTU_75	15	440.074505365479	4718	0.10215908751545	0.380952380952381	3	0.538815805643741	0.124444444444444	0	-1	Actinobacteria	6815	0
OTU_81	34	3699.30446865934	35294	0.222010336771465	0.235294117647059	3	2.84432574325398	0	2	0	Actinobacteria	9076	1
OTU_84	1	0	0	0.000210358219292317	0	0	-0.846113369360202	0	0	-1	Proteobacteria	3048	0
OTU_88	2	400	1668	5.10584246447791e-06	0	5	-0.377964473009227	0	0	0	Actinobacteria	8559	1
OTU_89	1	0	0	5.4878638550282e-11	0	4	-0.808640209270417	0	0	0	Actinobacteria	7742	1
OTU_93	4	403.693984545653	2584	0.00375468047619113	0.333333333333333	0	-0.0618421731758286	0	0	0	Proteobacteria	5956	0
OTU_96	1	0	0	1.69182912138099e-07	0	9	-0.811107105653812	0	0	-1	Acidobacteria	2246	0
OTU_98	6	2372.5	28733	3.92459778926624e-15	0.333333333333333	8	1.60356745147455	0	0	0	Proteobacteria	5570	0
OTU_102	20	3090.34797231829	18338	0.0443038616242862	0.131578947368421	3	0.999917793165789	0.18	0	-1	Acidobacteria	2358	0
OTU_103	5	608.499547073004	4280	0.00676614078343736	0.1	0	0.199581558885629	0	0	-1	Proteobacteria	2075	0
OTU_106	5	993	4994	5.46805307456641e-06	0.3	5	1.43626499743506	0	0	0	Actinobacteria	4777	0
OTU_108	3	0	0	0.00429599449208574	1	3	-0.72921466004189	0	0	-1	Acidobacteria	2059	0
OTU_110	7	1783.64020562769	25405	6.11382397767279e-11	0.333333333333333	4	0.712943143084569	0	0	0	Actinobacteria	5653	0
OTU_111	10	2922.41544577338	37103	0.0097243216623856	0.222222222222222	0	1.50670021919292	0	0	-1	Proteobacteria	3640	0
OTU_112	13	1281.34904401156	16123	1.02435963676749e-11	0.256410256410256	4	2.23452649543955	0	0	0	Actinobacteria	4521	0
OTU_115	15	3485.29576564322	39730	0.00664609012382478	0.0857142857142857	0	2.81381887950021	0	2	-1	Proteobacteria	1975	0
OTU_116	8	15.49285708309	174	0.0588456148190628	0.428571428571429	3	-0.15283717563933	0	0	0	Proteobacteria	2466	0
OTU_117	11	4333.79464285714	52702	1.22417722827694e-12	0.127272727272727	4	1.47373481926206	0.165289256198347	0	0	Proteobacteria	4434	0
OTU_118	1	0	0	0.00429797855669043	0	3	-0.959765653802914	0	0	-1	Acidobacteria	3245	0
OTU_119	13	2576.01482170232	19924	0.0887825708239318	0.358974358974359	3	-0.268112672519842	0.627218934911243	1	0	Firmicutes	4213	0
OTU_121	13	7569.15283189029	76985	6.66606525852874e-11	0.256410256410256	4	2.23452649543955	0	0	0	Proteobacteria	3958	0
OTU_123	1	0	0	0.000241430348949605	0	0	-0.846113369360202	0	0	-1	Unclassified	1338	0
OTU_124	2	19.7269841269841	80	0.00102203382915113	0	1	-0.51866471643947	0.5	0	-1	Proteobacteria	3526	0
OTU_126	3	2379	29601	5.35609797729425e-05	0	9	0.324442842261525	0.444444444444444	0	-1	Acidobacteria	1185	0
OTU_128	7	16938.7597402596	146525	9.85979742631733e-10	0.0476190476190476	4	0.712943143084569	0	0	0	Proteobacteria	6909	0
OTU_129	9	378.235097551666	3412	0.0453692264300629	0.388888888888889	0	0.461005290947087	0.444444444444444	0	-1	Proteobacteria	1215	0
OTU_131	8	25415	210012	9.08480422301688e-05	0.107142857142857	5	2.64575131106459	0.21875	2	0	Actinobacteria	9596	1
OTU_132	16	873.645192025311	8269	0.0936656553322947	0.258333333333333	0	0.199581558885629	0.6328125	1	-1	Acidobacteria	4002	0
OTU_134	19	2666.72623546382	28360	0.0599660532226264	0.146198830409357	0	2.81381887950021	0.332409972299169	2	0	Proteobacteria	2842	0
OTU_135	5	1.4	7	0.000229155998462832	0.6	11	-0.122627867896993	0	0	-1	Firmicutes	2240	0
OTU_136	6	404.851388888889	14111	2.44747121346838e-12	0.466666666666667	4	0.459345917692071	0	0	0	Actinobacteria	2197	0
OTU_137	18	1293.42871771644	11816	0.10267895393032	0.300653594771242	0	1.50670021919292	0.537037037037037	0	-1	Acidobacteria	1588	0
OTU_140	9	1811.62247252024	12457	0.00430928641880984	0.0833333333333333	0	1.24527648713146	0	0	0	Bacteroidetes	3778	1
OTU_141	21	4855.33358585862	41855	6.83540938046060e-12	0.114285714285714	4	4.26330429857954	0	2	0	Proteobacteria	9062	1
OTU_143	3	0	0	6.93660536776808e-13	1	4	-0.301445758485422	0	0	0	Actinobacteria	3085	0
OTU_144	7	402.375636366948	3101	0.0462707533928624	0.476190476190476	3	-0.268112672519842	0	0	-1	Acidobacteria	1730	0
OTU_146	1	0	0	1.54104059360118e-17	0	8	-1.0690449676497	0	0	0	Proteobacteria	3121	0
OTU_148	2	0	0	0.000425573788122713	1	0	-0.584689637298744	0	0	-1	Unclassified	1280	0
OTU_150	8	163.377973818826	2281	0.0493062609432264	0.464285714285714	0	0.199581558885629	0.53125	0	-1	Acidobacteria	1042	0
OTU_151	2	115.671436850305	530	0.000337019823661144	0	0	-0.584689637298744	0	0	-1	Unclassified	1819	1
OTU_161	14	67.7713156637042	1050	0.11653477818621	0.571428571428571	3	0.538815805643741	0	0	0	Actinobacteria	6668	0
OTU_162	1	0	0	0.00031132225680367	0	0	-0.846113369360202	0	0	-1	Verrucomicrobia	1609	0
OTU_165	3	1208.39231474119	3225	0.000461042616220011	0	1	0.412271954092912	0	0	-1	Actinobacteria	2630	0
OTU_167	3	20483.7597402597	184609	1.72499541184065e-08	0	4	-0.555042983877919	0.444444444444444	0	0	Actinobacteria	3123	0
OTU_170	6	60.468382446014	285	0.00116931648847644	0.333333333333333	0	0.461005290947087	0	0	-1	Acidobacteria	1837	0
OTU_171	1	0	0	0.00259234663163135	0	3	-0.959765653802914	0	0	-1	Proteobacteria	2010	0
OTU_176	9	1900.91409711841	25889	0.0034289920915624	0.222222222222222	0	0.983852755070002	0.197530864197531	0	-1	Verrucomicrobia	2052	1
OTU_179	1	0	0	0.0024821503438425	0	3	-0.959765653802914	0	0	0	Proteobacteria	1361	0
OTU_180	7	678.167334894919	4958	0.00109140438939298	0.238095238095238	0	0.722429023008544	0	0	-1	Verrucomicrobia	3455	1
OTU_181	2	0	0	5.40898586188772e-06	1	5	-0.377964473009227	0	0	0	Proteobacteria	1244	0
OTU_185	8	275.25873015873	9554	1.23170091038117e-11	0.392857142857143	4	0.966540368477066	0	0	0	Actinobacteria	6232	0
OTU_187	4	400	3123	0.00504152844160521	0.5	3	-0.613939163161378	0	0	-1	Acidobacteria	3474	0
OTU_188	2	0	0	3.25715652960817e-05	1	11	-1.04233687712444	0	0	0	Firmicutes	2054	0
OTU_190	2	0	0	0.0030377386442789	1	10	-0.912870929175277	0.5	0	-1	Actinobacteria	1501	0
OTU_191	18	4097.69900104906	24947	0.134877777792687	0.359477124183007	3	0.308264811882717	0.512345679012346	0	-1	Proteobacteria	1518	0
OTU_194	7	572.045508116329	4947	0.0059182523433104	0.380952380952381	0	0.722429023008544	0	0	-1	Acidobacteria	1763	0
OTU_196	6	31.7462158447248	969	0.0585027865218072	0.533333333333333	3	-0.383388169400354	0	0	-1	Actinobacteria	2661	0
OTU_197	5	355.138460291763	2022	0.0017815690884181	0.1	0	-0.0618421731758286	0.32	0	-1	Acidobacteria	963	0
OTU_200	36	3850.57389867988	33062	0.237821845739721	0.261904761904762	3	1.92212176820988	0.449074074074074	0	-1	Acidobacteria	2447	0
OTU_202	4	989.5	4990	5.45180898582848e-06	0.5	5	0.8315218406203	0	0	-1	Actinobacteria	3160	0
OTU_206	2	0	0	0.0190767609459046	1	0	-0.846113369360202	0.5	0	-1	Proteobacteria	922	0
OTU_207	3	799	9873	3.01974307589388e-06	0	9	1.45999279017686	0	0	-1	Proteobacteria	899	0
OTU_208	1	0	0	6.85854763160576e-14	0	4	-0.808640209270417	0	0	0	Bacteroidetes	1086	1
OTU_211	7	569.124296886029	11043	0.00544121291250002	0.238095238095238	0	0.722429023008544	0	0	-1	Proteobacteria	1772	0
OTU_215	2	0	0	0.0147001740184745	1	3	-0.844490156922402	0	0	-1	Acidobacteria	1199	0
OTU_216	3	9.19494949494949	42	0.000978245727563119	0.666666666666667	0	-0.323265905237286	0	0	-1	Proteobacteria	688	0
OTU_225	9	3272.91269886811	22268	0.0746960898153499	0.444444444444444	3	-0.268112672519842	0.345679012345679	0	0	Firmicutes	4729	1
OTU_226	5	83.4301158800156	986	0.0173205633378653	0.7	3	-0.498663666280866	0	0	0	Planctomycetes	931	1
OTU_232	13	69.5044787334134	741	0.105855780668636	0.512820512820513	3	0.423540308763229	0	0	-1	Proteobacteria	1928	0
OTU_238	6	402.5	4798	2.75043096523701e-16	0.333333333333333	8	1.60356745147455	0	0	-1	Actinobacteria	2100	0
OTU_240	3	0	0	2.49258206991219e-16	1	8	0	0	0	0	Proteobacteria	1510	0
OTU_242	2	0	0	0.0079629550943719	1	1	-0.053196381173279	0	0	0	Proteobacteria	2161	0
OTU_244	7	29.3732683982684	188	1.22864638301502e-11	0.428571428571429	4	0.712943143084569	0	0	0	Proteobacteria	1977	0
OTU_245	1	0	0	0.0024821503438425	0	3	-0.959765653802914	0	0	-1	Acidobacteria	1205	0
OTU_248	1	0	0	1.92137392120005e-08	0	5	-0.982707629823991	0	0	0	Actinobacteria	850	0
OTU_267	4	457.706045483922	2371	0.00107165607837451	0.166666666666667	1	0.412271954092912	0.375	0	0	Gemmatimonadetes	1533	1
OTU_269	6	63.1944758885353	1845	0.0356659015516372	0.466666666666667	3	-0.383388169400354	0	0	0	Proteobacteria	952	0
OTU_273	3	41.8492959225157	186	0.00127618300172953	0	0	-0.323265905237286	0	0	-1	Planctomycetes	492	1
OTU_277	1	0	0	0.0124382618947022	0	3	-0.959765653802914	0	0	0	Actinobacteria	1102	0
OTU_285	6	78.8850789810029	562	0.00163447920014504	0.4	0	0.461005290947087	0	0	-1	Acidobacteria	729	0
OTU_292	3	13.937987012987	92	0.000942762140558928	0.333333333333333	0	-0.323265905237286	0	0	-1	Acidobacteria	483	0
OTU_297	10	715.465332949928	5772	0.0623079308580859	0.377777777777778	3	-0.0375616787588184	0.18	0	-1	Unclassified	2705	1
OTU_301	1	0	0	0.00494827599371012	0	3	-0.959765653802914	0	0	-1	Acidobacteria	1234	0
OTU_302	8	440.305983243804	2134	0.0456903430039855	0.428571428571429	3	-0.268112672519842	0.21875	0	-1	Acidobacteria	1795	0
OTU_304	10	33.4128553032683	351	0.0808589352252342	0.533333333333333	3	0.0777138181216935	0	0	-1	Acidobacteria	1479	0
OTU_307	1	0	0	0.000141024549189763	0	0	-0.846113369360202	0	0	-1	Acidobacteria	5193	1
OTU_310	8	1219.5067046716	7617	0.00596351501654114	0.0357142857142857	0	0.461005290947087	0.375	0	-1	Unclassified	1023	0
OTU_312	1	0	0	0.0156424914875512	0	3	-0.959765653802914	0	0	-1	Acidobacteria	952	0
OTU_329	2	0	0	0.000126202460552391	1	11	-1.04233687712444	0	0	-1	Firmicutes	749	0
OTU_335	11	781.874007833731	6961	0.0744432548500057	0.272727272727273	0	0.199581558885629	0.578512396694215	0	0	Proteobacteria	880	0
OTU_338	7	63.8580853176899	669	0.067153596309165	0.476190476190476	3	-0.383388169400354	0.244897959183674	0	-1	Firmicutes	987	0
OTU_343	1	0	0	3.04695595423164e-05	0	0	-0.846113369360202	0	0	-1	Acidobacteria	953	0
OTU_347	1	0	0	0.000655675568665484	0	0	-0.846113369360202	0	0	-1	Unclassified	885	0
OTU_349	1	0	0	1.69182912138099e-07	0	9	-0.811107105653812	0	0	-1	Acidobacteria	725	0
OTU_350	1	0	0	0.00994063253753828	0	3	-0.959765653802914	0	0	-1	Proteobacteria	1092	0
OTU_354	3	798	3392	4.06695268151559e-12	0.333333333333333	4	-0.301445758485422	0	0	0	Bacteroidetes	1802	1
OTU_363	2	400	1659	5.54140423173193e-11	0	4	-0.555042983877919	0	0	0	Proteobacteria	2503	0
OTU_364	3	418.114141414141	1822	0.00296030252200645	0	13	0	0	0	-1	Actinobacteria	1528	0
OTU_365	1	0	0	6.00401727396258e-05	0	1	-0.51866471643947	0	0	0	Gemmatimonadetes	965	1
OTU_371	5	10.5636722752502	55	0.0335112864958947	0.7	3	-0.72921466004189	0.48	0	-1	Verrucomicrobia	1306	0
OTU_382	10	2022.36711760463	22451	6.48215855733025e-12	0.333333333333333	4	1.47373481926206	0	0	0	Proteobacteria	1393	0
OTU_385	2	0	0	0.00672733910498915	1	3	-0.844490156922402	0	0	-1	Actinobacteria	766	0
OTU_388	1	0	0	5.52401049693871e-11	0	4	-0.808640209270417	0	0	0	Proteobacteria	962	0
OTU_390	1	0	0	0.000742161656699915	0	1	-0.51866471643947	0	0	-1	Proteobacteria	1898	0
OTU_394	1	0	0	0.000372351174174047	0	0	-0.846113369360202	0	0	-1	Unclassified	492	0
OTU_402	4	0.886215538847118	18	0.050953264095404	0.833333333333333	3	-0.613939163161378	0	0	-1	Firmicutes	1918	0
OTU_403	3	0	0	0.0371890471363447	1	3	-0.72921466004189	0	0	-1	Acidobacteria	954	0
OTU_405	4	5.46244012088827	73	0.0393030173756095	0.666666666666667	3	-0.72921466004189	0.375	0	-1	Proteobacteria	872	0
OTU_407	1	0	0	0.000241430348949605	0	0	-0.846113369360202	0	0	-1	Proteobacteria	659	0
OTU_415	2	7.51709956709957	30	0.00949027965885907	0	2	-0.534235890197495	0.5	0	0	Proteobacteria	302	0
OTU_416	3	10.3702257372102	163	0.0198444145151464	0.666666666666667	1	-0.51866471643947	0.444444444444444	0	0	Proteobacteria	1356	0
OTU_420	2	27.444633558266	192	0.000824772240772347	0	2	-0.534235890197495	0.5	0	-1	Acidobacteria	647	0
OTU_423	3	0	0	2.49258206991219e-16	1	8	0	0	0	0	Proteobacteria	1146	0
OTU_433	4	2028.84245284422	10386	0.0104488312457665	0	0	-0.323265905237286	0.375	0	-1	Unclassified	1229	0
OTU_435	1	0	0	0.00269200766883473	0	0	-0.846113369360202	0	0	-1	Verrucomicrobia	411	0
OTU_438	6	16.6934884559885	107	8.84461834115901e-12	0.533333333333333	4	0.459345917692071	0	0	0	Proteobacteria	926	0
OTU_440	1	0	0	0.000372351174174047	0	0	-0.846113369360202	0	0	-1	Proteobacteria	1019	0
OTU_441	2	3.89562025321632	82	0.0152720860753316	0	2	-0.534235890197495	0.5	0	0	Bacteroidetes	890	1
OTU_443	4	1065.30500725347	5759	0.0156727446533454	0	6	0	0.625	1	0	Gemmatimonadetes	1057	1
OTU_444	6	220.749612207933	1589	0.0158549057570915	0.333333333333333	0	0.461005290947087	0	0	-1	Proteobacteria	520	0
OTU_449	1	0	0	1.69182912138099e-07	0	9	-0.811107105653812	0	0	-1	Unclassified	477	0
OTU_462	2	0	0	2.35292586183614e-16	1	8	-0.534522483824849	0	0	0	Proteobacteria	761	0
OTU_464	3	3.625	15	4.77231137163556e-13	0.666666666666667	4	-0.301445758485422	0	0	0	Bacteroidetes	1537	1
OTU_465	21	956.677333883552	12412	0.188071698741958	0.438095238095238	3	1.23046878692681	0.090702947845805	0	0	Planctomycetes	2145	1
OTU_468	4	53.766755945234	468	0.0121156137254708	0.333333333333333	0	-0.0618421731758286	0	0	-1	Proteobacteria	418	0
OTU_473	2	0	0	0.000309242517645592	1	1	-0.51866471643947	0.5	0	0	Actinobacteria	1750	0
OTU_478	2	3	3	5.19464007380499e-05	0	0	-0.584689637298744	0	0	-1	Unclassified	1757	0
OTU_482	3	400	1669	3.42945722283208e-07	0.333333333333333	5	0.226778683805536	0	0	-1	Acidobacteria	783	0
OTU_483	8	563.037083926026	7569	0.012905865497994	0	2	0.799404069273624	0.21875	0	0	Bacteroidetes	287	0
OTU_487	4	229.979220779219	4862	6.27287166074221e-11	0.5	4	-0.0478485330929242	0	0	-1	Acidobacteria	1168	0
OTU_495	1	0	0	0.0124382618947022	0	3	-0.959765653802914	0	0	-1	Unclassified	808	0
OTU_496	1	0	0	0.0015731584875957	0	3	-0.959765653802914	0	0	0	Chloroflexi	569	1
OTU_501	2	52.9385144611152	368	0.00365669180971163	0	13	0	0	0	-1	Proteobacteria	1354	0
OTU_504	3	153.600424058364	1714	0.00788788257591755	0	2	-0.0896892370404554	0	0	-1	Proteobacteria	349	0
OTU_507	1	0	0	0.00236945709951995	0	2	-0.534235890197495	0	0	0	Proteobacteria	977	0
OTU_508	1	0	0	0.000490662745281487	0	2	-0.534235890197495	0	0	-1	Unclassified	223	0
OTU_511	6	82.9153330359504	2792	0.0491942734260422	0.666666666666667	3	-0.383388169400354	0	0	-1	Chloroflexi	470	1
OTU_514	5	104.071248196249	3259	5.20935838555567e-12	0.7	4	0.205748692299573	0	0	0	Actinobacteria	1212	0
OTU_527	4	19600.9197014133	158588	0.0265282259515485	0.333333333333333	3	-0.72921466004189	0.375	0	0	Actinobacteria	1991	0
OTU_529	2	0	0	9.56862411232541e-13	1	4	-0.555042983877919	0	0	0	Actinobacteria	1454	0
OTU_540	1	0	0	3.04695595423164e-05	0	0	-0.846113369360202	0	0	0	Bacteroidetes	1617	1
OTU_543	8	102.518339982993	1279	0.0568970274492147	0.428571428571429	3	-0.268112672519842	0.21875	0	-1	Acidobacteria	1315	0
OTU_544	5	800.011111111111	5996	0.000543850678515008	0.2	0	0.199581558885629	0	0	0	Bacteroidetes	3129	1
OTU_576	6	6787.79370490618	57794	6.08134880147776e-11	0.466666666666667	4	0.459345917692071	0	0	0	Actinobacteria	1695	0
OTU_578	2	0	0	4.51543875270991e-13	1	4	-0.555042983877919	0	0	0	Proteobacteria	962	0
OTU_579	1	0	0	0.0041707278753726	0	0	-0.846113369360202	0	0	0	Proteobacteria	1167	0
OTU_584	16	194.592990924377	2382	0.125014438308356	0.383333333333333	3	0.654091302524253	0.1171875	0	-1	Acidobacteria	1448	0
OTU_597	10	566.711330815491	5560	0.0020861433983318	0.466666666666667	11	1.41022048081542	0	0	0	Firmicutes	1460	0
OTU_604	11	2316.26449998078	27756	0.102680267304153	0.527272727272727	3	0.192989315002205	0	0	-1	Actinobacteria	2171	0
OTU_608	3	195.32304574448	1747	0.010020392240009	0	2	-0.0896892370404554	0	0	-1	Proteobacteria	451	0
OTU_622	3	254.296445008757	3399	0.0086145163880083	0	0	-0.584689637298744	0.444444444444444	0	-1	Planctomycetes	289	1
OTU_623	3	0	0	0.00429599449208574	1	3	-0.72921466004189	0	0	-1	Proteobacteria	575	0
OTU_628	1	0	0	6.11465836887613e-05	0	0	-0.846113369360202	0	0	-1	Acidobacteria	455	0
OTU_630	1	0	0	8.12282728744461e-06	0	2	-0.534235890197495	0	0	-1	Acidobacteria	287	0
OTU_635	1	0	0	5.54735218941967e-58	0	17	0	0	0	-1	Unclassified	363	0
OTU_644	1	0	0	0.000699178410761605	0	6	-0.637377439199098	0	0	-1	Actinobacteria	499	0
OTU_664	2	14.7062517871948	251	0.0149204122385447	0	3	-0.844490156922402	0	0	-1	Proteobacteria	896	0
OTU_677	16	31.3798834416076	433	0.149591385343691	0.6	3	0.769366799404765	0	0	-1	Actinobacteria	844	0
OTU_681	1	0	0	5.4878638550282e-11	0	4	-0.808640209270417	0	0	0	Proteobacteria	762	0
OTU_683	1	0	0	0.00758648964516877	0	2	-0.534235890197495	0	0	-1	Planctomycetes	269	1
OTU_685	6	418.40728599837	4577	0.0148161997250899	0	2	0.354857416116584	0.277777777777778	0	-1	Acidobacteria	222	0
OTU_689	4	11.6922893813756	472	0.0182715359709486	0.833333333333333	3	-0.613939163161378	0	0	-1	Proteobacteria	522	0
OTU_695	7	1235.18274668515	17125	0.00991668665206743	0.142857142857143	10	1.82574185835055	0.489795918367347	0	-1	Actinobacteria	2402	0
OTU_713	5	1.50764790764791	15	0.0382972003479183	0.8	3	-0.498663666280866	0	0	0	Actinobacteria	577	0
OTU_715	1	0	0	5.73904012277608e-13	0	4	-0.808640209270417	0	0	0	Proteobacteria	479	0
OTU_716	1	0	0	1.85830051016938e-06	0	0	-0.846113369360202	0	0	-1	Actinobacteria	347	0
OTU_721	1	0	0	0.000490662745281487	0	2	-0.534235890197495	0	0	-1	Verrucomicrobia	335	0
OTU_724	1	0	0	0.000555588300436395	0	10	-0.912870929175277	0	0	0	Chloroflexi	243	1
OTU_732	1	0	0	5.73904012277608e-13	0	4	-0.808640209270417	0	0	-1	Unclassified	624	0
OTU_740	2	400	1659	5.54140423173193e-11	0	4	-0.555042983877919	0	0	-1	Proteobacteria	819	0
OTU_741	3	0	0	0.031291035789182	1	1	-0.51866471643947	0.444444444444444	0	-1	Actinobacteria	1135	0
OTU_758	8	40.8604356598792	458	0.0890103737782865	0.642857142857143	3	-0.15283717563933	0	0	0	Planctomycetes	926	1
OTU_761	7	1301.69928600365	7836	0.0032243326064961	0	6	3.18688719599549	0	2	-1	Proteobacteria	249	0
OTU_774	2	39.3472700599412	940	0.00807715239045025	0	2	-0.311962563618975	0	0	-1	Unclassified	416	0
OTU_776	1	0	0	5.54735218941967e-58	0	20	0	0	0	0	Gemmatimonadetes	168	1
OTU_797	1	0	0	5.32226139486663e-05	0	0	-0.846113369360202	0	0	-1	Actinobacteria	724	0
OTU_799	47	14570.7833334271	92363	0.135411131796488	0.0481036077705828	2	5.24487060084402	0.594839293798099	2	-1	Proteobacteria	470	0
OTU_807	3	0	0	0.0277938921495599	1	3	-0.72921466004189	0	0	-1	Proteobacteria	340	0
OTU_817	2	38.5130838078121	640	0.00787564864067927	0	2	-0.311962563618975	0	0	-1	Proteobacteria	160	0
OTU_841	4	60.5277797770952	592	0.00944358470216239	0.333333333333333	0	-0.0618421731758286	0	0	0	Planctomycetes	1202	1
OTU_842	1	0	0	0.000241430348949605	0	0	-0.846113369360202	0	0	-1	Verrucomicrobia	357	0
OTU_886	3	0.649801587301587	4	4.58489920452178e-13	0.666666666666667	4	-0.301445758485422	0	0	0	Bacteroidetes	620	1
OTU_891	3	60.1380707477423	960	0.0102202289516364	0	2	-0.0896892370404554	0	0	0	Proteobacteria	236	0
OTU_892	25	3241.40081648529	27850	0.0422924017004666	0.01	2	3.24441066163734	0.4416	2	0	Proteobacteria	503	0
OTU_911	3	56.8566014500642	1324	0.0104466094899702	0	2	-0.0896892370404554	0	0	-1	Proteobacteria	153	0
OTU_924	6	159.855240145866	1383	0.0289347997190959	0.0666666666666667	3	-0.613939163161378	0.444444444444444	0	0	Gemmatimonadetes	619	1
OTU_940	4	682.407133324432	3234	0.00335798608630956	0	6	0	0.625	1	-1	Acidobacteria	295	0
OTU_944	7	3.26666666666667	12	0.000355607532100461	0.571428571428571	11	0.490511471587973	0	0	0	Firmicutes	13819	1
OTU_958	19	364.886306122796	4505	0.166504817368462	0.450292397660819	3	1.1151932900463	0	0	-1	Actinobacteria	2550	0
OTU_983	1	0	0	0.00722079343767199	0	1	-0.51866471643947	0	0	-1	Firmicutes	302	0
OTU_985	3	21.6961789921029	193	0.00109353839848577	0.333333333333333	0	-0.323265905237286	0	0	-1	Acidobacteria	668	0
OTU_999	10	22.2299012054487	501	0.10322896080951	0.755555555555556	3	-0.15283717563933	0.34	0	0	Planctomycetes	495	1
OTU_1014	1	0	0	0.000628647639389252	0	2	-0.534235890197495	0	0	-1	Bacteroidetes	235	0
OTU_1017	2	0	0	0.000701331791609323	1	0	-0.584689637298744	0	0	-1	Proteobacteria	639	0
OTU_1021	2	400	3356	0.000186034499599518	0	2	-0.311962563618975	0	0	-1	Actinobacteria	175	0
OTU_1039	1	0	0	0.00236945709951995	0	2	-0.534235890197495	0	0	0	Armatimonadetes	212	1
OTU_1046	6	90.2988666476435	857	0.00197036514148359	0.6	11	0.18394180184549	0	0	0	Firmicutes	40900	1
OTU_1061	1	0	0	0.012218023674632	0	3	-0.959765653802914	0	0	-1	Proteobacteria	503	0
OTU_1078	2	400	3145	0.000144984213698309	0	2	-0.311962563618975	0	0	0	Proteobacteria	364	0
OTU_1091	2	4.3337593070545	108	0.00995594674468871	0	2	-0.311962563618975	0	0	-1	Planctomycetes	166	0
OTU_1092	2	4.3337593070545	108	0.00995594674468871	0	2	-0.311962563618975	0	0	0	Planctomycetes	216	1
OTU_1101	15	159.846750601229	2333	0.130628814542399	0.476190476190476	3	0.654091302524253	0	0	-1	Acidobacteria	1345	0
OTU_1119	3	1.27705627705628	12	0.020174289746307	0.666666666666667	3	-0.72921466004189	0	0	0	Actinobacteria	452	0
OTU_1140	4	674.798274819609	4529	0.0108806362129802	0	2	-0.311962563618975	0.5	0	-1	Actinobacteria	173	0
OTU_1172	1	0	0	3.82958398954934e-13	0	4	-0.808640209270417	0	0	0	Actinobacteria	372	0
OTU_1173	1	0	0	0.000490662745281487	0	2	-0.534235890197495	0	0	-1	Actinobacteria	191	0
OTU_1202	3	0	0	4.99867540829174e-12	1	4	-0.301445758485422	0	0	-1	Proteobacteria	269	0
OTU_1203	12	121.170787501843	2117	0.105823845341998	0.5	3	0.0777138181216935	0.291666666666667	0	-1	Proteobacteria	2350	0
OTU_1211	1	0	0	0.000180645162639699	0	6	-0.637377439199098	0	0	0	Planctomycetes	228	1
OTU_1228	3	56.8566014500642	1324	0.0104466094899702	0	2	-0.0896892370404554	0	0	0	Planctomycetes	179	0
OTU_1251	2	0	0	3.25715652960817e-05	1	11	-1.04233687712444	0	0	0	Firmicutes	1165	0
OTU_1253	5	455.196786950011	5029	0.0111643778997979	0.1	0	-0.584689637298744	0.48	0	-1	Unclassified	235	0
OTU_1265	1	0	0	5.54735218941967e-58	0	22	0	0	0	-1	Verrucomicrobia	155	0
OTU_1278	2	39.3472700599412	940	0.00807715239045025	0	2	-0.311962563618975	0	0	-1	Proteobacteria	186	0
OTU_1298	1	0	0	3.10460488462942e-12	0	4	-0.808640209270417	0	0	0	Proteobacteria	2146	0
OTU_1313	1	0	0	1.37121253514812e-13	0	4	-0.808640209270417	0	0	0	Actinobacteria	953	0
OTU_1337	2	0	0	0.0148072830828408	1	1	-0.51866471643947	0.5	0	-1	Unclassified	395	0
OTU_1360	11	893.121447906092	6935	0.00251714491162154	0.218181818181818	0	1.76812395125438	0	0	-1	Acidobacteria	5244	1
OTU_1370	1	0	0	5.08981590077748e-06	0	5	-0.982707629823991	0	0	0	Actinobacteria	1438	0
OTU_1382	8	114.755596765456	2621	0.0614765038982779	0.428571428571429	0	-0.323265905237286	0.6875	1	-1	Proteobacteria	689	0
OTU_1396	3	54.1636145023175	964	0.0102451057401992	0	2	-0.0896892370404554	0	0	0	Bacteroidetes	212	0
OTU_1434	7	424.380730582379	4074	0.00516119426427076	0	2	0.799404069273624	0	0	-1	Firmicutes	192	0
OTU_1479	6	413.313305609691	3667	0.00471716886497499	0	2	0.577130742695104	0	0	0	Proteobacteria	378	0
OTU_1487	2	400	2454	0.000181213969303499	0	6	0	0	0	-1	Actinobacteria	159	0
OTU_1513	17	1764.72342477207	19430	0.00875783145555669	0	2	2.57759068190178	0.207612456747405	2	-1	Unclassified	246	0
OTU_1684	1	0	0	0.00194797493306963	0	2	-0.534235890197495	0	0	0	Firmicutes	199	0
OTU_1728	4	265.141269463985	3094	0.0105110549852905	0	2	0.132584089538065	0	0	-1	Unclassified	370	0
OTU_1769	3	12.387796099581	151	0.00177195402944487	0	2	-0.0896892370404554	0	0	0	Proteobacteria	184	0
OTU_1773	1	0	0	0.00194797493306963	0	2	-0.534235890197495	0	0	0	Firmicutes	207	0
OTU_1802	1	0	0	5.54735218941967e-58	0	21	0	0	0	-1	Cyanobacteria/Chloroplast	27266	1
OTU_1826	1	0	0	2.58301883148543e-05	0	1	-0.51866471643947	0	0	-1	Actinobacteria	1047	0
OTU_1835	2	400	1499	0.00761037761319319	0	2	-0.311962563618975	0	0	-1	Acidobacteria	211	0
OTU_1841	1	0	0	5.54735218941967e-58	0	20	0	0	0	-1	Firmicutes	173	0
OTU_1934	3	230.195238095238	1688	4.01764199911807e-13	0.333333333333333	4	-0.301445758485422	0	0	-1	Actinobacteria	763	0
OTU_1988	9	53.7266402565794	611	0.0644782647742148	0.416666666666667	3	-0.0375616787588184	0	0	-1	Proteobacteria	2033	0
OTU_2027	1	0	0	0.00758648964516877	0	2	-0.534235890197495	0	0	-1	Bacteroidetes	196	0
OTU_2172	13	4164.54932661379	28519	0.0347693732845312	0.0256410256410256	2	1.46622404900918	0.355029585798816	0	-1	Proteobacteria	272	0
OTU_2191	1	0	0	2.71839279208485e-13	0	4	-0.808640209270417	0	0	0	Proteobacteria	514	0
OTU_2230	2	0	0	0.0115459960872354	1	2	-0.534235890197495	0.5	0	-1	Acidobacteria	450	0
OTU_2293	9	72.9465095302717	996	0.000695727548135181	0.5	11	1.10365081107294	0	0	-1	Firmicutes	9733	1
OTU_2412	1	0	0	3.06350943922466e-07	0	5	-0.982707629823991	0	0	0	Actinobacteria	847	0
OTU_2591	6	527.333283282098	4626	0.00360760354830707	0	2	0.354857416116584	0.277777777777778	0	-1	Armatimonadetes	308	1
OTU_2793	2	0.607287784679089	7	0.00115028661031657	0	2	-0.311962563618975	0	0	-1	Unclassified	196	0
OTU_2932	3	479.104691097339	3179	0.0248468239958629	0.333333333333333	6	-0.637377439199098	0.444444444444444	0	-1	Unclassified	366	0
OTU_3148	2	0	0	0.01796692464692	1	1	-0.51866471643947	0.5	0	-1	Actinobacteria	1754	0
OTU_3446	1	0	0	5.32226139486663e-05	0	0	-0.846113369360202	0	0	-1	Firmicutes	1175	0
OTU_3634	43	5759.07453838959	42076	0.264759523846911	0.187153931339978	3	2.49849925261244	0.442401297998918	0	0	Proteobacteria	5549	0
OTU_3754	1	0	0	0.000426375957405629	0	2	-0.534235890197495	0	0	0	Proteobacteria	207	0
OTU_3822	2	798	2680	0.000431584070115155	0	1	-0.053196381173279	0	0	-1	Acidobacteria	2473	0
OTU_3895	1	0	0	5.54735218941967e-58	0	22	0	0	0	0	Proteobacteria	218	0
OTU_4163	2	400	1697	2.28571004032092e-13	0	4	-0.555042983877919	0	0	0	Bacteroidetes	917	1
OTU_4247	11	3719.9554227528	35777	0.00499543390858671	0.163636363636364	0	0.722429023008544	0.462809917355372	0	-1	Actinobacteria	5651	0
OTU_4524	1	0	0	0.010746131209248	0	3	-0.959765653802914	0	0	-1	Acidobacteria	362	0
OTU_4687	2	10.2850505050505	76	0.00367095625299346	0	0	-0.584689637298744	0	0	-1	Acidobacteria	4064	0
OTU_5062	1	0	0	0.000430225119276542	0	1	-0.51866471643947	0	0	0	Proteobacteria	4008	0
OTU_5155	10	770.911877155164	6278	0.033980717367231	0.244444444444444	0	0.722429023008544	0.46	0	0	Bacteroidetes	878	1
OTU_5625	1	0	0	1.04226941071271e-05	0	2	-0.534235890197495	0	0	0	Firmicutes	170	0
OTU_5678	2	2758	33509	6.88053584963052e-14	0	8	-1.0690449676497	0.5	0	0	Proteobacteria	1378	0
OTU_5730	6	189.602200577202	6408	8.94235040878876e-12	0.466666666666667	4	0.459345917692071	0	0	-1	Actinobacteria	965	0
OTU_5766	3	7	7	2.138286314636e-40	0.333333333333333	7	1.22474487139159	0	0	-1	Verrucomicrobia	1940	1
OTU_5886	6	28.2554689144885	492	0.000567154374463723	0.6	11	0.18394180184549	0	0	-1	Firmicutes	3101	0
OTU_6522	2	0	0	0.00461518201073214	1	0	-0.584689637298744	0	0	-1	Acidobacteria	715	0
OTU_6597	1	0	0	0.00269200766883473	0	0	-0.846113369360202	0	0	-1	Proteobacteria	4341	0
OTU_6608	3	0	0	0.0233483732302537	1	0	-0.584689637298744	0.444444444444444	0	-1	Acidobacteria	2750	0
OTU_7063	3	0.2	1	0.0017926884384506	0.666666666666667	11	-0.735767207381959	0	0	-1	Firmicutes	1090	0
OTU_7456	16	3464.6322796424	24733	0.0681143827758045	0.191666666666667	0	1.76812395125438	0.484375	0	-1	Acidobacteria	863	0
OTU_7888	7	508.239829566512	3029	0.00555678595925659	0.0952380952380952	0	0.722429023008544	0	0	-1	Acidobacteria	3236	0
OTU_7905	1	0	0	0.000427722749908444	0	2	-0.534235890197495	0	0	-1	Actinobacteria	112	0
OTU_8043	1	0	0	0.000165852719253445	0	13	0	0	0	-1	Acidobacteria	779	0
OTU_8100	3	0	0	0.000170887994038517	1	11	-0.735767207381959	0	0	0	Firmicutes	11153	1
OTU_8145	2	54.379202751275	695	0.00778860779162631	0	2	-0.311962563618975	0	0	-1	Acidobacteria	145	0
OTU_8148	1	0	0	4.17109759265287e-05	0	1	-0.51866471643947	0	0	-1	Proteobacteria	4844	0
OTU_8325	1	0	0	5.54735218941967e-58	0	21	0	0	0	-1	Cyanobacteria/Chloroplast	866	1
OTU_8377	1	0	0	0.012218023674632	0	3	-0.959765653802914	0	0	-1	Acidobacteria	1905	0
OTU_8379	7	746.703214647818	7136	0.0112207216143441	0	2	0.799404069273624	0	0	0	Bacteroidetes	192	0
OTU_8598	5	140.751849898308	1434	0.0027486712506066	0.4	0	0.199581558885629	0	0	-1	Acidobacteria	5663	1
OTU_8875	1	0	0	3.07467238696685e-05	0	11	-1.34890654686693	0	0	0	Firmicutes	1033	0
OTU_8971	1	0	0	0.000188133178789317	0	6	-0.637377439199098	0	0	0	Actinobacteria	196	0
OTU_9189	1	0	0	5.52401049693871e-11	0	4	-0.808640209270417	0	0	-1	Proteobacteria	668	0
OTU_9679	1	0	0	1.35895083861269e-06	0	1	-0.51866471643947	0	0	-1	Actinobacteria	1929	0
OTU_9746	1	0	0	2.32672814774917e-51	0	15	0	0	0	-1	Verrucomicrobia	5863	1
OTU_9779	3	154.68366831413	1849	0.00841126188594111	0	2	-0.311962563618975	0.444444444444444	0	-1	Proteobacteria	274	0
OTU_9905	3	799	2681	0.000432943020953768	0	1	0.412271954092912	0	0	-1	Unclassified	4684	1
OTU_9957	7	1070.9385998673	5941	0.0490158476365238	0.238095238095238	3	-0.613939163161378	0.571428571428571	0	-1	Proteobacteria	855	0
OTU_9994	3	185.879633195368	1416	0.000832022812080079	0	6	0	0.444444444444444	0	-1	Planctomycetes	149	0
OTU_10251	2	4.3337593070545	108	0.00995594674468871	0	2	-0.311962563618975	0	0	-1	Acidobacteria	183	0
OTU_10370	3	813.09361432701	6492	0.00257969807326493	0	2	-0.0896892370404554	0	0	-1	Acidobacteria	340	0
OTU_10488	16	218.459132800905	3210	0.146011442622658	0.541666666666667	3	0.654091302524253	0.1171875	0	-1	Actinobacteria	1177	0
OTU_10917	5	261.744444444444	770	0.000597101730773297	0.5	0	-0.0618421731758286	0.32	0	0	Actinobacteria	1926	0
OTU_10998	4	1.94285714285714	10	0.0012198464198381	0.833333333333333	0	-0.0618421731758286	0	0	-1	Acidobacteria	1381	0
OTU_11054	3	1079.32856314969	4268	0.000590170648423156	0	0	-0.323265905237286	0	0	-1	Proteobacteria	1484	0
OTU_11276	6	678.979571862094	7556	0.0124155202930135	0.0666666666666667	0	-0.0618421731758286	0.444444444444444	0	-1	Acidobacteria	534	0
OTU_11326	2	0	0	3.91230461908795e-14	1	4	-0.555042983877919	0	0	0	Proteobacteria	1081	0
OTU_11423	2	12	12	5.86391353591297e-41	0	7	0	0	0	-1	Verrucomicrobia	969	0
OTU_11791	7	46.3517573178113	740	0.000574734121419239	0.619047619047619	11	0.490511471587973	0	0	-1	Firmicutes	1985	0
OTU_11931	1	0	0	0.0124382618947022	0	3	-0.959765653802914	0	0	-1	Actinobacteria	922	0
OTU_12094	5	177.987322026586	2006	0.000814917189369159	0.3	0	0.199581558885629	0	0	-1	Acidobacteria	3264	0
OTU_12310	15	2318.21701963805	14495	0.0480496016327774	0.142857142857143	0	2.02954768331583	0.337777777777778	0	-1	Proteobacteria	3130	0
OTU_12359	1	0	0	0.000430225119276542	0	1	-0.51866471643947	0	0	-1	Acidobacteria	1672	0
OTU_12516	2	0	0	0.0174621117179329	1	3	-0.844490156922402	0	0	-1	Actinobacteria	921	0
OTU_12543	11	354.511278456916	7492	0.0894940300948051	0.490909090909091	3	0.192989315002205	0	0	-1	Actinobacteria	1527	0
OTU_12580	2	0	0	0.00956879883630406	1	0	-0.584689637298744	0	0	-1	Acidobacteria	900	0
OTU_12734	3	16	16	2.21723270459116e-40	0.333333333333333	7	1.22474487139159	0	0	-1	Verrucomicrobia	4234	1
OTU_13164	1	0	0	1.01866688555644e-48	0	12	-1	0	0	-1	Acidobacteria	798	0
OTU_13168	6	1.04715325524149	12	0.0537865209562011	0.866666666666667	3	-0.383388169400354	0	0	0	Actinobacteria	1219	0
OTU_13177	28	14565.7481798521	104949	0.17743019047489	0.238095238095238	3	1.23046878692681	0.451530612244898	0	0	Actinobacteria	2442	0
OTU_13791	3	1.28253968253968	8	1.06205020910268e-12	0.666666666666667	4	-0.301445758485422	0	0	-1	Proteobacteria	1520	0
OTU_14293	10	1616.87261904762	11254	4.85205050440488e-12	0.222222222222222	4	1.47373481926206	0	0	0	Proteobacteria	7408	1
OTU_14351	7	200.461706349206	1820	5.70173691629331e-12	0.476190476190476	4	0.712943143084569	0	0	0	Proteobacteria	2890	0
OTU_14574	11	1091.35610214133	8048	0.0767145502148254	0.381818181818182	3	-0.0375616787588184	0.297520661157025	0	-1	Acidobacteria	2865	0
OTU_14601	3	0	0	0.000497009527841746	1	11	-0.735767207381959	0	0	0	Firmicutes	1202	0
OTU_14617	1	0	0	8.74273122078636e-41	0	7	-1.22474487139159	0	0	-1	Verrucomicrobia	19474	1
OTU_14733	2	0	0	0.000588562888240278	1	10	0	0	0	-1	Actinobacteria	2187	0
OTU_14736	10	2662.81245602517	17685	0.00478612969974471	0.355555555555556	11	1.10365081107294	0.18	0	-1	Firmicutes	7599	1
OTU_14864	4	801.745349491453	6748	0.00331010409987781	0	2	0.132584089538065	0	0	0	Planctomycetes	182	0
OTU_15204	1	0	0	5.54735218941967e-58	0	17	0	0	0	-1	Acidobacteria	138	0
OTU_15640	1	0	0	0.00335963399618979	0	0	-0.846113369360202	0	0	-1	Acidobacteria	357	0
OTU_15903	2	0	0	4.51543875270991e-13	1	4	-0.555042983877919	0	0	-1	Proteobacteria	869	0
OTU_16045	4	11.1776214602904	122	0.0397902295765322	0.5	3	-0.613939163161378	0	0	-1	Actinobacteria	2280	0
OTU_16427	1	0	0	2.42558916829748e-05	0	1	-0.51866471643947	0	0	-1	Unclassified	2241	1
OTU_16473	2	400	1610	0.000744498539073446	0	1	-0.053196381173279	0	0	-1	Proteobacteria	1574	0
OTU_17111	1	0	0	0.000742161656699915	0	1	-0.51866471643947	0	0	0	Proteobacteria	1146	0
OTU_17156	3	1.01111111111111	5	0.000540436527919199	0.666666666666667	0	-0.323265905237286	0	0	0	Actinobacteria	1138	0
OTU_17462	1	0	0	2.42558916829748e-05	0	1	-0.51866471643947	0	0	-1	Verrucomicrobia	2013	1
OTU_17787	4	2.66737576430781	25	0.0335320211095243	0.5	3	-0.613939163161378	0	0	-1	Actinobacteria	2273	0
OTU_18010	1	0	0	0.00102451079892011	0	14	0	0	0	-1	Actinobacteria	1853	0
OTU_18117	1	0	0	0.000427722749908444	0	2	-0.534235890197495	0	0	0	Actinobacteria	140	0
OTU_18617	1	0	0	0.000111986317382879	0	11	-1.34890654686693	0	0	-1	Firmicutes	714	0
OTU_18641	3	0	0	0.022976501142251	1	3	-0.72921466004189	0	0	-1	Acidobacteria	1302	0
OTU_18671	4	17.4025021953895	151	0.00103926011553364	0.666666666666667	0	-0.0618421731758286	0	0	-1	Verrucomicrobia	423	0
OTU_18890	1	0	0	0.00102451079892011	0	14	0	0	0	-1	Actinobacteria	3612	0
OTU_19050	1	0	0	5.54735218941967e-58	0	19	0	0	0	0	Proteobacteria	2039	0
OTU_19222	3	2322.61586134454	28576	0.00112766076559463	0.333333333333333	1	-0.053196381173279	0.444444444444444	0	0	Actinobacteria	832	0
OTU_19287	1	0	0	6.85854763160576e-14	0	4	-0.808640209270417	0	0	-1	Proteobacteria	1002	0
OTU_19766	1	0	0	0.0024821503438425	0	3	-0.959765653802914	0	0	-1	Proteobacteria	532	0
OTU_19805	2	0	0	0.0079629550943719	1	1	-0.053196381173279	0	0	0	Proteobacteria	600	0
OTU_20055	1	0	0	8.74273122078636e-41	0	7	-1.22474487139159	0	0	-1	Verrucomicrobia	16552	1
OTU_20094	1	0	0	0.000282454646038309	0	3	-0.959765653802914	0	0	-1	Acidobacteria	597	0
OTU_20360	2	12.8529716993533	75	0.000745792986426446	0	6	0	0	0	-1	Proteobacteria	164	0
OTU_20452	1	0	0	0.000264282206947671	0	2	-0.534235890197495	0	0	-1	Proteobacteria	226	0
OTU_20797	25	1400.89018396654	16462	0.143408087453036	0.293333333333333	3	1.80684627132937	0	0	-1	Actinobacteria	5675	0
OTU_20810	4	4.5	7	6.50209960141392e-07	0.5	5	0.8315218406203	0	0	0	Actinobacteria	2331	0
OTU_21239	7	888.285119895993	11165	0.0521561604210586	0.428571428571429	3	-0.383388169400354	0.244897959183674	0	-1	Actinobacteria	3737	0
OTU_21262	8	1740.44662667601	15062	0.0119797298051175	0.107142857142857	0	0.461005290947087	0.375	0	-1	Verrucomicrobia	899	0
OTU_21361	24	597.037957425133	4542	0.134605338789239	0.271739130434783	3	1.69157077444886	0	0	-1	Acidobacteria	2113	0
OTU_21434	2	0	0	0.000106802806632601	1	0	-0.584689637298744	0	0	-1	Verrucomicrobia	719	0
OTU_21522	4	25085.8784199007	211199	0.00158389775470436	0	1	-0.053196381173279	0.625	1	0	Actinobacteria	4331	0
OTU_21582	4	882.946587672878	3551	0.0124796242239808	0	6	0.637377439199098	0.375	0	0	Gemmatimonadetes	596	1
OTU_21739	2	7	7	2.87881791265424e-41	0	7	0	0	0	-1	Verrucomicrobia	1135	0
OTU_21837	4	666.421796319102	6277	0.00405370726291754	0.333333333333333	0	-0.0618421731758286	0	0	0	Actinobacteria	1178	0
OTU_21841	1	0	0	0.000304847207771202	0	0	-0.846113369360202	0	0	-1	Proteobacteria	855	0
OTU_21849	1	0	0	1.01526210074806e-05	0	6	-0.637377439199098	0	0	-1	Proteobacteria	162	0
OTU_21915	5	420.450947354735	3878	0.000747818717664251	0.3	0	0.199581558885629	0	0	-1	Acidobacteria	4567	0
OTU_21937	1	0	0	2.93703451943735e-05	0	1	-0.51866471643947	0	0	0	Actinobacteria	809	0
OTU_22049	1	0	0	0.00381614903266148	0	0	-0.846113369360202	0	0	-1	Acidobacteria	1112	0
OTU_22051	1	0	0	0.00033410949549086	0	0	-0.846113369360202	0	0	-1	Unclassified	988	0
OTU_22064	1	0	0	1.17704893157405e-41	0	7	-1.22474487139159	0	0	-1	Verrucomicrobia	743	0
OTU_22242	3	111.451719738563	1035	0.00109028048441116	0.333333333333333	0	-0.584689637298744	0.444444444444444	0	-1	Proteobacteria	533	0
OTU_22338	3	0	0	1.01796485739196e-12	1	4	-0.301445758485422	0	0	0	Actinobacteria	752	0
OTU_22456	1	0	0	0.000379077084114443	0	0	-0.846113369360202	0	0	0	Proteobacteria	3771	0
OTU_22558	3	799	2997	0.00763441649092865	0	2	-0.0896892370404554	0	0	-1	Acidobacteria	347	0
OTU_22658	2	0	0	0.00290236588812705	1	0	-0.584689637298744	0	0	-1	Proteobacteria	1049	0
OTU_22698	1	0	0	0.000289158995510504	0	2	-0.534235890197495	0	0	0	Bacteroidetes	248	0
OTU_22728	4	0.601394764552659	13	0.0429442699526797	0.833333333333333	1	-0.51866471643947	0.625	1	-1	Proteobacteria	1042	0
OTU_22802	2	15	15	1.14630831347759e-40	0	7	0	0	0	-1	Verrucomicrobia	897	0
OTU_22899	1	0	0	0.000655675568665484	0	0	-0.846113369360202	0	0	-1	Acidobacteria	1700	0
OTU_22981	3	32	123	5.6968595063091e-06	0.666666666666667	5	0.226778683805536	0	0	0	Actinobacteria	2714	0
OTU_23091	2	0	0	0.000309242517645592	1	1	-0.51866471643947	0.5	0	0	Actinobacteria	1792	0
OTU_23115	2	0	0	0.000588562888240278	1	10	0	0	0	-1	Actinobacteria	731	0
OTU_23319	1	0	0	0.000742161656699915	0	1	-0.51866471643947	0	0	0	Proteobacteria	637	0
OTU_23377	1	0	0	1.28058392803209e-14	0	4	-0.808640209270417	0	0	0	Proteobacteria	1371	0
OTU_23828	6	972.490485052711	7430	0.010833830926785	0	2	0.132584089538065	0.5	0	-1	Unclassified	248	0
OTU_23906	10	233.829988863176	4950	0.0799930177956215	0.511111111111111	3	-0.268112672519842	0.42	0	-1	Actinobacteria	1093	0
OTU_24061	1	0	0	3.10460488462942e-12	0	4	-0.808640209270417	0	0	0	Proteobacteria	5274	0
OTU_24085	2	400	1512	3.31687759451583e-05	0	0	-0.584689637298744	0	0	-1	Crenarchaeota	3141	1
OTU_24090	7	8.275	26	0.000253743710999651	0.523809523809524	11	0.490511471587973	0	0	-1	Firmicutes	11437	1
OTU_24385	1	0	0	1.01866688555644e-48	0	12	-1	0	0	-1	Acidobacteria	985	0
OTU_24474	1	0	0	6.85854763160576e-14	0	4	-0.808640209270417	0	0	0	Proteobacteria	472	0
OTU_24660	1	0	0	5.54735218941967e-58	0	18	0	0	0	1	Crenarchaeota	1699	1
OTU_24748	2	0	0	2.35292586183614e-16	1	8	-0.534522483824849	0	0	0	Proteobacteria	2189	0
OTU_25138	1	0	0	0.00020211814645754	0	2	-0.534235890197495	0	0	0	Firmicutes	172	0
OTU_25187	1	0	0	2.32672814774917e-51	0	15	0	0	0	-1	Verrucomicrobia	1810	0
OTU_25345	3	0	0	6.93660536776808e-13	1	4	-0.301445758485422	0	0	0	Proteobacteria	789	0
OTU_25392	1	0	0	4.18969909367423e-05	0	0	-0.846113369360202	0	0	-1	Acidobacteria	11267	1
OTU_25900	15	588.333529775444	5314	0.132093773611114	0.542857142857143	3	0.654091302524253	0	0	-1	Actinobacteria	995	0
OTU_25972	2	0	0	6.54797678163419e-13	1	4	-0.555042983877919	0	0	0	Proteobacteria	1395	0
OTU_25976	1	0	0	0.000878074892626656	0	6	-0.637377439199098	0	0	-1	Proteobacteria	411	0
OTU_26248	12	219.959863075655	2926	0.102200821365665	0.560606060606061	3	0.0777138181216935	0.277777777777778	0	0	Actinobacteria	3045	0
