Node	Degree	Clustering coefficient	Eccentricity	Average neighbor degree	Degree centrality	Closeness centrality	Betweenness centrality	Harmonic centrality	Load centrality	Subgraph centrality	Mean centrality rank	Module number (greedy modularity)	Z-score (greedy modularity)	P-score (greedy modularity)	Module number (label propagation)	Z-score (label propagation)	P-score (label propagation)
OTU_1	15	0.371429	2	6.8	0.0530035	0.057715	0.00134797	18	0.00133957	565.96	211	3	2.33697	0	2	2.33697	0
OTU_102	13	0.179487	8	5.84615	0.0459364	0.180597	0.0288798	64.3036	0.028404	123.077	274	1	2.57182	0.142012	1	1.85413	0.378698
OTU_1020	1	0	9	5	0.00353357	0.11445	0	35.7611	0	1.78224	63	6	-0.866025	0	9	-0.866025	0
OTU_1022	3	1	8	14	0.0106007	0.180113	0	58.5238	0	26.5762	170	2	-0.136631	0	17	-0.57735	0.666667
OTU_1032	1	0	1	1	0.00353357	0.00353357	0	1	0	1.54308	4	21	0	0	36	0	0
OTU_1046	6	0.666667	3	9	0.0212014	0.041008	0.000131987	13.1667	0.000131221	132.868	178	3	0.0687343	0	2	0.0687343	0
OTU_106	6	0.666667	8	6.66667	0.0212014	0.14294	0.00719119	48.5393	0.00719088	37.666	236	2	0.77424	0	4	0.731925	0
OTU_1068	1	0	9	16	0.00353357	0.156237	0	50.3187	0	14.3395	130	0	-0.822777	0	3	-1.15421	0
OTU_1076	1	0	1	1	0.00353357	0.00353357	0	1	0	1.54308	8	31	0	0	28	0	0
OTU_108	5	0.5	8	10	0.0176678	0.174953	0.0150846	58.3702	0.0148515	36.8217	261	1	0.48514	0	1	0.0720049	0.32
OTU_110	15	0.419048	9	10	0.0530035	0.169011	0.0101157	63.8353	0.00956348	2087.74	272	0	1.75487	0	3	1.49667	0.32
OTU_1103	1	0	1	1	0.00353357	0.00353357	0	1	0	1.54308	13	32	0	0	30	0	0
OTU_111	2	1	9	5	0.00706714	0.116534	0	37.6849	0	3.21664	102	4	0	0	13	-0.57735	0.5
OTU_112	19	0.304094	9	9.63158	0.0671378	0.172483	0.0275488	67.3353	0.0263973	2945.7	278	0	2.49135	0	3	1.25568	0.487535
OTU_11423	2	0	1	1	0.00706714	0.00706714	2.50608e-05	2	2.50608e-05	2.17818	135	14	1.41421	0	21	1.41421	0
OTU_115	5	0.1	8	3.2	0.0176678	0.139093	0.0423652	46.5405	0.0423496	6.39495	231	4	1.61245	0.32	13	1.73205	0.56
OTU_117	22	0.151515	10	5.95455	0.0777385	0.146366	0.0248193	61.7766	0.0249163	1453.25	270	0	3.0437	0	0	3.61585	0
OTU_11791	8	0.678571	2	9.25	0.0282686	0.0458325	0.000217193	14.5	0.00021608	263.819	192	3	0.572786	0	2	0.572786	0
OTU_1195	3	0	10	2.66667	0.0106007	0.100647	0.0144851	33.3683	0.0144851	3.23198	176	4	0.806226	0	10	0.5	0.444444
OTU_12	2	0	1	1	0.00706714	0.00706714	2.50608e-05	2	2.50608e-05	2.17818	137	16	1.41421	0	26	1.41421	0
OTU_120	3	0.333333	8	7.66667	0.0106007	0.163858	0.00486179	53.3238	0.00486179	8.3686	226	2	-0.136631	0	5	0.262	0
OTU_12094	2	0	8	5.5	0.00706714	0.158261	0.00136248	50.2012	0.00142429	3.8206	197	1	-0.409154	0	47	0	0.5
OTU_121	17	0.382353	9	10.1176	0.0600707	0.193887	0.0912323	71.5052	0.0910968	2515.14	283	0	1.93899	0.110727	3	1.25568	0.491349
OTU_123	1	0	10	3	0.00353357	0.114547	0	35.0313	0	1.66835	59	8	-0.866025	0	7	-0.866025	0
OTU_12417	1	0	1	1	0.00353357	0.00353357	0	1	0	1.54308	29	20	0	0	31	0	0
OTU_1249	1	0	11	11	0.00353357	0.118801	0	40.3207	0	4.28958	88	0	-0.822777	0	0	-0.717274	0
OTU_1251	1	0	4	9	0.00353357	0.0283328	0	8.83333	0	4.41632	54	3	-1.1914	0	2	-1.1914	0
OTU_12580	1	0	2	2	0.00353357	0.00471143	0	1.5	0	1.58909	36	17	-0.707107	0	19	-0.707107	0
OTU_126	7	0.047619	8	2.71429	0.024735	0.149128	0.0346706	50.2655	0.0347734	13.5649	247	1	0.783237	0.244898	14	1.73205	0.612245
OTU_12734	3	0.666667	1	2.33333	0.0106007	0.0106007	1.25304e-05	3	1.25304e-05	4.24822	148	13	1	0	18	1	0
OTU_128	13	0.141026	8	8.07692	0.0459364	0.221723	0.1479	76.4369	0.145728	206.539	281	2	1.98873	0.378698	11	1.73205	0.828402
OTU_13	8	0.321429	8	8.75	0.0282686	0.186358	0.0325366	63.4905	0.0314114	64.0762	269	2	1.38149	0	4	0	0.65625
OTU_131	11	0.272727	8	4.72727	0.0388693	0.156967	0.0192965	54.8869	0.0198708	70.7528	263	2	2.29236	0	4	2.56174	0
OTU_13168	1	0	10	2	0.00353357	0.119223	0	37.2385	0	1.62437	68	1	-0.707252	0	41	0	0
OTU_1325	1	0	3	3	0.00353357	0.00706714	0	2.33333	0	1.63976	46	9	-0.75	0	24	-0.707107	0
OTU_1326	4	0.333333	9	8	0.0141343	0.16208	0.0117718	55.002	0.0118375	32.2645	244	0	-0.270423	0	20	0	0.625
OTU_1338	1	0	3	3	0.00353357	0.00706714	0	2.33333	0	1.63976	45	9	-0.75	0	24	-0.707107	0
OTU_135	6	0.733333	3	9.5	0.0212014	0.0399565	0.000140102	13	0.000144517	154.468	180	3	0.0687343	0	2	0.0687343	0
OTU_136	10	0.688889	9	11	0.0353357	0.163858	0.000774856	58.6687	0.000776362	1196.94	253	0	0.834285	0	3	1.01469	0
OTU_1360	3	1	11	3.66667	0.0106007	0.0919042	0	29.9838	0	5.55471	112	7	0.267261	0	8	0.267261	0
OTU_137	1	0	2	2	0.00353357	0.00471143	0	1.5	0	1.58909	35	17	-0.707107	0	19	-0.707107	0
OTU_1370	5	0.9	8	7.6	0.0176678	0.142486	1.12773e-05	47.7893	1.09641e-05	33.7093	206	2	0.470616	0	4	0.365963	0
OTU_13791	3	0.666667	10	22	0.0106007	0.142486	0.000108609	51.7766	0.000117602	210.979	218	0	-0.454541	0	0	-0.510935	0.444444
OTU_138	2	1	10	3.5	0.00706714	0.131472	0	42.2599	0	3.9568	117	0	-0.638659	0	20	0	0
OTU_139	2	1	8	12	0.00706714	0.169651	0	54.7631	0	10.0903	158	1	-0.409154	0	1	-0.522035	0
OTU_14	11	0.2	8	6.90909	0.0388693	0.181328	0.0602849	64.4298	0.0600684	92.4718	275	1	1.97563	0.165289	1	1.55711	0.31405
OTU_140	5	0.1	7	5.2	0.0176678	0.168799	0.0698556	55.9881	0.0698188	8.85341	255	1	-0.111056	0.56	1	-0.225015	0.56
OTU_141	25	0.206667	10	8.16	0.0883392	0.167536	0.0515378	69.475	0.0508325	3235.25	279	0	3.59605	0	0	3.40951	0.2688
OTU_14293	1	0	1	1	0.00353357	0.00353357	0	1	0	1.54308	22	27	0	0	44	0	0
OTU_143	9	0.305556	11	8.66667	0.0318021	0.138092	0.00996491	53.1028	0.0100013	372.405	248	0	0.650167	0	0	0.933438	0
OTU_14351	7	0.619048	10	15.5714	0.024735	0.160915	0.00344249	58.475	0.00287188	760.53	251	0	0.281931	0	0	-0.0982567	0.489796
OTU_144	1	0	10	3	0.00353357	0.119435	0	37.4885	0	1.70763	71	1	-0.707252	0	1	-0.819056	0
OTU_14565	3	1	10	15.3333	0.0106007	0.142034	0	50.8599	0	95.6858	160	0	-0.454541	0	0	-0.304596	0
OTU_14601	3	1	3	8.33333	0.0106007	0.0324647	0	10.5	0	35.3039	116	3	-0.687343	0	2	-0.687343	0
OTU_14617	2	1	2	3	0.00706714	0.00795053	0	2.5	0	3.01859	76	13	-1	0	18	-1	0
OTU_1469	1	0	9	13	0.00353357	0.143245	0	46.1052	0	4.05894	106	1	-0.707252	0	1	-0.819056	0
OTU_147	1	0	9	11	0.00353357	0.127966	0	40.85	0	3.3022	94	2	-0.743877	0	4	-1.09789	0
OTU_14733	2	1	9	4	0.00706714	0.137106	0	42.9377	0	3.07786	120	8	0	0	7	0	0
OTU_14736	12	0.515152	2	8	0.0424028	0.0519435	0.000643346	16.5	0.000637866	466.95	204	3	1.58089	0	2	1.58089	0
OTU_148	1	0	10	5	0.00353357	0.100197	0	31.7849	0	1.78225	58	4	-0.806226	0	10	-0.75	0
OTU_1488	1	0	1	1	0.00353357	0.00353357	0	1	0	1.54308	5	25	0	0	40	0	0
OTU_15	2	1	2	3	0.00706714	0.00795053	0	2.5	0	3.01859	77	11	-1	0	15	-1	0
OTU_150	1	0	2	2	0.00353357	0.00471143	0	1.5	0	1.58909	37	16	-0.707107	0	26	-0.707107	0
OTU_151	1	0	1	1	0.00353357	0.00353357	0	1	0	1.54308	29	30	0	0	51	0	0
OTU_1535	1	0	1	1	0.00353357	0.00353357	0	1	0	1.54308	27	33	0	0	32	0	0
OTU_1580	1	0	2	2	0.00353357	0.00471143	0	1.5	0	1.58909	33	18	-0.707107	0	22	-0.707107	0
OTU_15934	1	0	1	1	0.00353357	0.00353357	0	1	0	1.54308	16	29	0	0	48	0	0
OTU_161	1	0	10	2	0.00353357	0.11807	0	36.6147	0	1.61213	62	1	-0.707252	0	35	0	0
OTU_1610	1	0	8	22	0.00353357	0.169438	0	54.2631	0	7.22651	140	1	-0.707252	0	1	-0.819056	0
OTU_16162	2	1	1	2	0.00706714	0.00706714	0	2	0	2.70827	65	15	0	0	23	0	0
OTU_1646	1	0	11	22	0.00353357	0.120831	0	42.8207	0	17.27	108	0	-0.822777	0	0	-0.717274	0
OTU_16473	2	1	2	3	0.00706714	0.00795053	0	2.5	0	3.01859	79	11	-1	0	15	-1	0
OTU_16676	1	0	11	13	0.00353357	0.120398	0	41.704	0	9.84801	100	0	-0.822777	0	0	-0.717274	0
OTU_167	11	0.236364	7	9.18182	0.0388693	0.222457	0.111273	75.1357	0.112826	140.77	277	2	0.77424	0.628099	17	1.73205	0.826446
OTU_16896	2	0	9	10	0.00706714	0.146207	0.00110853	48.0123	0.00109161	6.32133	194	1	-0.409154	0	14	-0.57735	0.5
OTU_170	3	0	7	3	0.0106007	0.147653	0.0056405	47.2476	0.00587249	3.58677	210	4	0	0.444444	49	0	0.666667
OTU_17207	3	0.333333	10	7.66667	0.0106007	0.139817	0.00486179	48.5266	0.00486179	23.8398	219	0	-0.454541	0	0	-0.304596	0
OTU_175	1	0	11	3	0.00353357	0.103916	0	32.8008	0	1.65738	53	1	-0.707252	0	27	-0.707107	0
OTU_17530	1	0	8	18	0.00353357	0.162865	0	51.9071	0	4.69009	122	2	-0.743877	0	5	-0.494889	0
OTU_1759	1	0	1	1	0.00353357	0.00353357	0	1	0	1.54308	8	33	0	0	32	0	0
OTU_176	5	0.1	9	2.4	0.0176678	0.117144	0.0286445	39.6016	0.0286445	5.84503	216	4	2.41868	0	10	1.75	0.48
OTU_180	9	0.166667	7	7.88889	0.0318021	0.202051	0.0800488	68.3095	0.0798767	58.1412	273	1	1.08134	0.345679	1	0.666045	0.518519
OTU_1802	1	0	1	1	0.00353357	0.00353357	0	1	0	1.54308	13	28	0	0	45	0	0
OTU_185	11	0.654545	9	10.5455	0.0388693	0.164059	0.000815371	59.1687	0.000816877	1375.06	256	0	1.0184	0	3	1.25568	0
OTU_18617	3	1	3	11.6667	0.0106007	0.0362396	0	11.3333	0	53.504	119	3	-0.687343	0	2	-0.687343	0
OTU_18671	5	0.1	7	6.2	0.0176678	0.172041	0.0218529	57.2452	0.0219805	12.6469	252	1	-0.111056	0.56	1	-0.225015	0.56
OTU_18685	1	0	9	13	0.00353357	0.167955	0	53.0385	0	4.61964	127	2	-0.743877	0	11	-0.57735	0
OTU_187	11	0.290909	8	7.18182	0.0388693	0.180113	0.0181924	63.8798	0.0180835	123.778	268	1	2.27373	0	1	1.85413	0.165289
OTU_188	2	1	4	9	0.00706714	0.0299674	0	9.75	0	16.5864	101	3	-0.939369	0	2	-0.939369	0
OTU_18800	1	0	9	7	0.00353357	0.122707	0	38.6206	0	1.99218	81	1	-0.707252	0	14	-0.57735	0
OTU_18890	1	0	12	4	0.00353357	0.0907252	0	28.8259	0	1.77201	52	5	-1.12022	0	6	-1.12022	0
OTU_189	9	0.5	10	12.5556	0.0318021	0.162275	0.00591515	59.8083	0.00594979	997.866	266	0	0.650167	0	3	0.291724	0.345679
OTU_19	2	1	1	2	0.00706714	0.00706714	0	2	0	2.70827	67	15	0	0	23	0	0
OTU_190	2	0	9	5	0.00706714	0.142637	0.00201283	46.1159	0.00274001	3.92455	183	1	-0.409154	0	27	-0.707107	0.5
OTU_19287	6	0.466667	10	13.6667	0.0212014	0.143859	0.00515488	53.9433	0.00525343	365.374	245	0	0.0978127	0	0	0.108082	0.277778
OTU_19459	2	0	8	11.5	0.00706714	0.169866	0.00486179	54.9298	0.00486179	8.04516	222	1	-0.409154	0	42	0	0.5
OTU_19652	1	0	1	1	0.00353357	0.00353357	0	1	0	1.54308	22	20	0	0	31	0	0
OTU_1973	1	0	8	18	0.00353357	0.162865	0	51.9071	0	4.69009	123	2	-0.743877	0	5	-0.494889	0
OTU_19766	1	0	9	13	0.00353357	0.143245	0	46.1052	0	4.05894	106	1	-0.707252	0	1	-0.819056	0
OTU_2	3	0.666667	1	2.33333	0.0106007	0.0106007	1.25304e-05	3	1.25304e-05	4.24822	149	13	1	0	18	1	0
OTU_20178	1	0	4	9	0.00353357	0.0283328	0	8.83333	0	4.41632	55	3	-1.1914	0	2	-1.1914	0
OTU_202	10	0.311111	7	7	0.0353357	0.176562	0.0420075	61.2452	0.0417381	75.3061	271	2	1.68511	0.18	4	1.46385	0.34
OTU_2037	1	0	1	1	0.00353357	0.00353357	0	1	0	1.54308	1	21	0	0	36	0	0
OTU_204	1	0	4	12	0.00353357	0.029402	0	9.25	0	6.68383	69	3	-1.1914	0	2	-1.1914	0
OTU_205	3	0.666667	9	7.33333	0.0106007	0.157704	0.00204625	51.9853	0.00206917	21.6585	224	0	-0.454541	0	20	0	0.444444
OTU_20668	1	0	8	18	0.00353357	0.162865	0	51.9071	0	4.69009	123	2	-0.743877	0	5	-0.494889	0
OTU_207	3	0.666667	9	8.33333	0.0106007	0.146366	0.00110853	48.5123	0.00109161	11.5843	213	1	-0.111056	0	1	-0.522035	0.444444
OTU_20797	5	0.3	9	7.2	0.0176678	0.147815	0.0208385	51.2159	0.0197888	23.3746	240	1	0.187042	0.32	1	-0.225015	0.56
OTU_208	2	1	11	13.5	0.00706714	0.12094	0	43.3207	0	33.1749	138	0	-0.638659	0	0	-0.510935	0
OTU_20810	6	0.533333	8	6.33333	0.0212014	0.14294	0.00883906	48.5393	0.00911307	33.443	235	2	0.77424	0	4	0.731925	0
OTU_21	22	0.112554	7	6.36364	0.0777385	0.224314	0.208158	80.5095	0.208661	307.036	282	1	4.65851	0.235537	1	3.93327	0.392562
OTU_210	1	0	1	1	0.00353357	0.00353357	0	1	0	1.54308	8	22	0	0	37	0	0
OTU_211	1	0	10	5	0.00353357	0.100197	0	31.7849	0	1.78225	57	4	-0.806226	0	10	-0.75	0
OTU_21239	1	0	11	5	0.00353357	0.103997	0	33.2508	0	1.83771	61	5	-1.12022	0	6	-1.12022	0
OTU_21262	5	0.1	8	2.4	0.0176678	0.137106	0.0239832	45.3071	0.0239832	5.86146	223	6	1.73205	0.32	9	1.73205	0.32
OTU_214	5	0.6	8	6.8	0.0176678	0.142486	0.000333308	47.7893	0.000330489	27.5444	220	2	0.470616	0	4	0	0.32
OTU_21434	5	0.5	7	11	0.0176678	0.179871	0.00613126	60.0119	0.00630313	43.7172	259	1	0.48514	0	1	0.369025	0
OTU_215	5	0.8	8	11	0.0176678	0.175181	0.000221401	58.5869	0.000315348	55.0957	239	1	0.48514	0	1	0.369025	0
OTU_21522	2	1	9	9.5	0.00706714	0.148962	0	48.3508	0	7.68856	145	2	-0.440254	0	4	-0.731925	0
OTU_216	2	1	9	4	0.00706714	0.114645	0	36.4278	0	3.03384	98	6	0	0	9	0	0
OTU_21739	1	0	2	2	0.00353357	0.00471143	0	1.5	0	1.58909	31	14	-0.707107	0	21	-0.707107	0
OTU_21867	1	0	1	1	0.00353357	0.00353357	0	1	0	1.54308	22	24	0	0	39	0	0
OTU_21915	4	0.5	11	2.75	0.0141343	0.0919671	0.00486179	30.4838	0.00486179	6.4684	177	7	1.06904	0	8	1.06904	0
OTU_21929	2	1	8	12	0.00706714	0.169651	0	54.7631	0	10.0903	158	1	-0.409154	0	1	-0.522035	0
OTU_22049	1	0	2	3	0.00353357	0.00636042	0	2	0	1.63819	43	10	-0.57735	0	12	-0.57735	0
OTU_221	1	0	9	3	0.00353357	0.136688	0	42.4254	0	1.73355	86	1	-0.707252	0	25	-0.707107	0
OTU_22242	3	0.333333	9	2.66667	0.0106007	0.114743	0.00486179	36.9278	0.00486179	3.75482	172	6	0.866025	0	9	0.866025	0
OTU_223	5	0.2	7	7	0.0176678	0.17773	0.0123548	58.819	0.0125068	18.7556	257	1	0.187042	0.32	1	0.0720049	0.32
OTU_22338	11	0.436364	10	12	0.0388693	0.146846	0.00395922	58.5266	0.00440335	919.833	253	0	1.0184	0	0	1.13978	0.165289
OTU_22489	1	0	1	1	0.00353357	0.00353357	0	1	0	1.54308	5	26	0	0	43	0	0
OTU_225	4	0.833333	3	9.5	0.0141343	0.0371025	8.35359e-06	11.8333	8.35359e-06	63.0939	169	3	-0.435317	0	2	-0.435317	0
OTU_22506	1	0	1	1	0.00353357	0.00353357	0	1	0	1.54308	16	22	0	0	37	0	0
OTU_2269	1	0	10	3	0.00353357	0.136134	0	42.075	0	1.70823	83	2	-0.743877	0	33	0	0
OTU_22802	1	0	2	2	0.00353357	0.00471143	0	1.5	0	1.58909	31	14	-0.707107	0	21	-0.707107	0
OTU_22899	1	0	9	5	0.00353357	0.136827	0	42.271	0	1.81708	87	8	-0.866025	0	7	-0.866025	0
OTU_2293	8	0.75	3	9.25	0.0282686	0.0421163	7.36309e-05	14	7.28851e-05	278.514	185	3	0.572786	0	2	0.572786	0
OTU_22981	3	1	8	9.66667	0.0106007	0.154441	0	50.0869	0	16.392	157	2	-0.136631	0	4	-0.365963	0
OTU_23	2	0	10	2	0.00706714	0.101868	0.00486179	32.5639	0.00486179	2.3667	166	2	-0.440254	0	34	0	0.5
OTU_232	3	0.333333	9	5.66667	0.0106007	0.144477	0.00023766	47.8325	0.000250608	7.42927	200	1	-0.111056	0	1	-0.225015	0
OTU_23325	1	0	1	1	0.00353357	0.00353357	0	1	0	1.54308	8	19	0	0	46	0	0
OTU_23377	1	0	10	19	0.00353357	0.138092	0	46.7766	0	29.9624	121	0	-0.822777	0	3	-1.15421	0
OTU_234	1	0	2	3	0.00353357	0.00636042	0	2	0	1.63819	42	10	-0.57735	0	12	-0.57735	0
OTU_2373	1	0	3	2	0.00353357	0.0062819	0	2.16667	0	1.59218	44	9	-0.75	0	50	0	0
OTU_238	11	0.163636	10	5.54545	0.0388693	0.143398	0.0211789	54.9433	0.0212823	210.506	262	0	1.0184	0	0	1.13978	0.165289
OTU_240	10	0.422222	10	10.5	0.0353357	0.145731	0.00669697	57.0266	0.00670665	635.651	260	0	0.834285	0	0	0.933438	0.18
OTU_24085	1	0	1	1	0.00353357	0.00353357	0	1	0	1.54308	13	32	0	0	30	0	0
OTU_24090	12	0.363636	3	6.58333	0.0424028	0.0472213	0.00104861	16	0.00104824	345.237	205	3	1.58089	0	2	1.58089	0
OTU_244	6	0.666667	10	12.8333	0.0212014	0.159388	0.000154246	56.8083	0.000149734	481.183	238	0	0.0978127	0	0	-0.304596	0.5
OTU_24435	1	0	9	5	0.00353357	0.136827	0	42.271	0	1.81708	88	8	-0.866025	0	7	-0.866025	0
OTU_24474	6	0.733333	11	14.1667	0.0212014	0.137951	0.000151476	51.8528	0.000152405	378.354	228	0	0.0978127	0	0	0.314421	0
OTU_245	4	1	8	12.75	0.0141343	0.173149	0	57.5798	0	44.7379	173	1	0.187042	0	1	0.0720049	0
OTU_24581	2	0	2	2	0.00706714	0.00942285	7.51823e-05	3	7.51823e-05	2.27953	143	9	0.5	0	50	0	0.5
OTU_24660	3	0	8	8	0.0106007	0.170297	0.00969852	55.5964	0.00969852	8.97185	237	1	-0.111056	0	25	1.41421	0.444444
OTU_24748	5	0.6	10	9.2	0.0176678	0.140991	0.00486179	50.5266	0.00486179	105.812	230	0	-0.0863053	0	0	0.108082	0
OTU_25	1	0	11	5	0.00353357	0.117144	0	38.5874	0	2.8922	80	0	-0.822777	0	0	-0.717274	0
OTU_25114	2	1	8	10.5	0.00706714	0.163063	0	52.4071	0	7.22876	153	2	-0.440254	0	5	-0.116445	0
OTU_25249	3	1	11	17.6667	0.0106007	0.135996	0	49.1361	0	133.293	155	0	-0.454541	0	0	-0.304596	0
OTU_25345	2	1	11	17	0.00706714	0.135311	0	47.9695	0	60.1699	144	0	-0.638659	0	0	-0.510935	0
OTU_25392	4	0.5	10	3	0.0141343	0.105715	0.0191464	34.977	0.0191464	6.53771	201	7	1.06904	0	8	1.06904	0
OTU_25972	6	0.666667	11	12.8333	0.0212014	0.137668	8.87569e-05	51.6028	9.91989e-05	326.59	224	0	0.0978127	0	0	0.314421	0
OTU_26	1	0	8	18	0.00353357	0.162865	0	51.9071	0	4.69009	125	2	-0.743877	0	5	-0.494889	0
OTU_264	1	0	8	3	0.00353357	0.121706	0	37.4274	0	1.65261	73	4	-0.806226	0	49	0	0
OTU_269	1	0	9	11	0.00353357	0.143705	0	46.3325	0	3.47081	103	1	-0.707252	0	1	-0.819056	0
OTU_276	1	0	9	16	0.00353357	0.156237	0	50.3187	0	14.3395	130	0	-0.822777	0	3	-1.15421	0
OTU_279	2	0	2	1.5	0.00706714	0.00795053	5.01215e-05	2.5	5.01215e-05	2.22726	141	12	1	0	16	1	0
OTU_2822	1	0	10	3	0.00353357	0.108533	0	33.9683	0	1.74674	60	2	-0.743877	0	4	-1.09789	0
OTU_285	3	0	8	4.33333	0.0106007	0.141734	0.00546241	46.3702	0.00555409	3.93265	203	4	0	0.444444	13	-0.57735	0.666667
OTU_287	3	0	10	2.66667	0.0106007	0.12226	0.0049501	40.5052	0.00495368	3.87249	186	1	-0.111056	0	27	1.41421	0.444444
OTU_292	2	0	8	6.5	0.00706714	0.146526	0.000515834	47.644	0.000541243	5.04307	187	1	-0.409154	0	47	0	0.5
OTU_2932	1	0	1	1	0.00353357	0.00353357	0	1	0	1.54308	5	25	0	0	40	0	0
OTU_2953	2	0	9	4	0.00706714	0.142335	0.00486179	45.8659	0.00486179	3.51719	179	1	-0.409154	0	35	0	0.5
OTU_297	1	0	10	4	0.00353357	0.120722	0	38.3552	0	1.7492	77	5	-1.12022	0	6	-1.12022	0
OTU_299	3	0.666667	8	14	0.0106007	0.188185	0.00349527	61.0833	0.00383404	82.9505	241	0	-0.638659	0.444444	3	-0.913223	0.444444
OTU_3	1	0	2	2	0.00353357	0.00471143	0	1.5	0	1.58909	38	16	-0.707107	0	26	-0.707107	0
OTU_301	2	1	8	12.5	0.00706714	0.169866	0	54.9298	0	10.32	162	1	-0.409154	0	1	-0.522035	0
OTU_302	1	0	9	2	0.00353357	0.13641	0	42.1754	0	1.68216	84	1	-0.707252	0	42	0	0
OTU_31	5	0.1	8	3.6	0.0176678	0.170513	0.0239832	55.5	0.0239832	8.27745	250	8	1.73205	0.32	7	1.73205	0.32
OTU_32	4	0.333333	8	9.75	0.0141343	0.172927	0.0051645	57.2464	0.00523352	23.7839	246	1	0.187042	0	1	0.0720049	0
OTU_321	2	0	8	11.5	0.00706714	0.165066	0.00130817	53.4571	0.00139818	7.02382	217	2	-0.440254	0	5	-0.494889	0.5
OTU_329	3	1	3	10.3333	0.0106007	0.0362396	0	11.3333	0	40.3794	118	3	-0.687343	0	2	-0.687343	0
OTU_348	4	0.333333	8	6.75	0.0141343	0.164259	0.000802223	53.9905	0.000924116	12.2015	229	2	0.166993	0	5	0.262	0.375
OTU_35	18	0.0915033	7	5.38889	0.0636042	0.212938	0.0817182	75.3524	0.0825688	151.134	280	2	3.81047	0.197531	5	3.28956	0.58642
OTU_36	1	0	11	11	0.00353357	0.118801	0	40.3207	0	4.28958	91	0	-0.822777	0	0	-0.717274	0
OTU_360	1	0	9	3	0.00353357	0.132509	0	41.0794	0	1.74488	82	2	-0.743877	0	5	-0.494889	0
OTU_363	1	0	9	13	0.00353357	0.167955	0	53.0385	0	4.61964	127	2	-0.743877	0	11	-0.57735	0
OTU_374	1	0	1	1	0.00353357	0.00353357	0	1	0	1.54308	16	24	0	0	39	0	0
OTU_376	1	0	11	3	0.00353357	0.087877	0	27.7438	0	1.64706	49	4	-0.806226	0	10	-0.75	0
OTU_378	1	0	10	15	0.00353357	0.135858	0	45.3099	0	22.1407	115	0	-0.822777	0	3	-1.15421	0
OTU_38	2	0	11	2	0.00706714	0.0879921	0.00486179	28.4105	0.00486179	2.28707	164	4	0	0	29	0	0.5
OTU_382	6	0.533333	10	13.1667	0.0212014	0.160148	0.00615489	57.475	0.0057451	361.432	257	0	0.0978127	0	0	0.108082	0.277778
OTU_386	1	0	8	9	0.00353357	0.156419	0	49.0012	0	2.78814	114	1	-0.707252	0	1	-0.819056	0
OTU_389	1	0	9	4	0.00353357	0.138377	0	43.2254	0	2.0229	97	1	-0.707252	0	1	-0.819056	0
OTU_39	1	0	3	2	0.00353357	0.00530035	0	1.83333	0	1.59061	39	12	-1	0	16	-1	0
OTU_4	3	0.666667	1	2.33333	0.0106007	0.0106007	1.25304e-05	3	1.25304e-05	4.24822	149	11	1	0	15	1	0
OTU_40	3	0.333333	8	7.33333	0.0106007	0.141734	0.00486179	46.4893	0.00486179	10.2834	209	2	-0.136631	0	4	-0.365963	0
OTU_41	3	0.333333	9	4.66667	0.0106007	0.119223	0.00967346	39.2024	0.00967346	6.89579	199	2	-0.136631	0	4	-0.731925	0.444444
OTU_42	3	1	11	3.66667	0.0106007	0.0919042	0	29.9838	0	5.55471	112	7	0.267261	0	8	0.267261	0
OTU_422	2	1	8	9.5	0.00706714	0.172041	0	54.5405	0	8.96733	161	2	-0.440254	0	17	-0.57735	0.5
OTU_423	11	0.327273	9	12.3636	0.0388693	0.172927	0.0534238	65.002	0.0550029	864.349	276	0	1.0184	0	0	0.727099	0.396694
OTU_4247	1	0	9	3	0.00353357	0.117657	0	36.7357	0	1.78389	71	2	-0.743877	0	4	-1.09789	0
OTU_43	3	0.333333	9	2.66667	0.0106007	0.137246	0.00486179	43.4377	0.00486179	3.79973	188	8	0.866025	0	7	0.866025	0
OTU_44	1	0	3	2	0.00353357	0.00530035	0	1.83333	0	1.59061	40	12	-1	0	16	-1	0
OTU_440	4	0.166667	7	9.75	0.0141343	0.183057	0.0224916	60.1262	0.0229021	16.4839	263	1	0.187042	0	1	-0.225015	0.375
OTU_45	1	0	1	1	0.00353357	0.00353357	0	1	0	1.54308	22	27	0	0	44	0	0
OTU_462	1	0	11	10	0.00353357	0.120398	0	41.454	0	8.29635	99	0	-0.822777	0	0	-0.717274	0
OTU_464	5	0.7	11	13.8	0.0176678	0.137527	0.000685676	51.1028	0.000995139	234.826	227	0	-0.0863053	0	0	0.108082	0
OTU_47	4	0.333333	11	3.25	0.0141343	0.104401	0.00490356	35.0842	0.00490356	6.4262	189	5	0.980196	0	6	0.980196	0
OTU_475	1	0	12	9	0.00353357	0.115136	0	39.3342	0	5.69397	94	0	-0.822777	0	0	-0.717274	0
OTU_478	1	0	1	1	0.00353357	0.00353357	0	1	0	1.54308	27	30	0	0	51	0	0
OTU_4781	1	0	11	3	0.00353357	0.116332	0	37.754	0	1.87876	74	0	-0.822777	0	0	-0.717274	0
OTU_480	1	0	8	18	0.00353357	0.162865	0	51.9071	0	4.69009	125	2	-0.743877	0	5	-0.494889	0
OTU_487	7	0.809524	9	13.1429	0.024735	0.163063	0.000203988	57.002	0.000234875	746.085	242	0	0.281931	0	3	0.0507346	0.244898
OTU_4888	3	1	11	16	0.0106007	0.136966	0	49.6861	0	123.053	156	0	-0.454541	0	0	-0.304596	0
OTU_49	3	0.333333	8	9	0.0106007	0.170513	0.00187735	55.6798	0.00192305	12.3187	232	1	-0.111056	0	1	-0.225015	0
OTU_492	1	0	11	11	0.00353357	0.118801	0	40.3207	0	4.28958	91	0	-0.822777	0	0	-0.717274	0
OTU_5	8	0.535714	2	8.625	0.0282686	0.0458325	0.000310754	14.5	0.000315278	218.063	193	3	0.572786	0	2	0.572786	0
OTU_50	9	0.333333	3	6.77778	0.0318021	0.044523	0.00144684	14.6667	0.00144684	189.21	202	3	0.824812	0	2	0.824812	0
OTU_503	3	0	1	1	0.0106007	0.0106007	7.51823e-05	3	7.51823e-05	2.91458	151	10	1.73205	0	12	1.73205	0
OTU_514	5	1	10	14.4	0.0176678	0.155694	0	53.8083	0	487.054	171	0	-0.0863053	0	3	-0.190255	0
OTU_529	4	1	10	11.75	0.0141343	0.154087	0	52.1417	0	236.788	167	0	-0.270423	0	3	-0.431244	0
OTU_53	4	0.666667	11	4	0.0141343	0.105632	0.000240822	36.0008	0.000249215	7.8364	175	5	0.980196	0	6	0.980196	0
OTU_55	5	0.7	10	15.4	0.0176678	0.159388	0.00491853	56.475	0.00488006	404.932	249	0	-0.0863053	0	0	-0.304596	0.48
OTU_550	1	0	11	6	0.00353357	0.119117	0	40.2207	0	5.29282	96	0	-0.822777	0	0	-0.717274	0
OTU_560	1	0	10	3	0.00353357	0.0984351	0	30.4718	0	1.66786	51	6	-0.866025	0	9	-0.866025	0
OTU_5678	2	1	11	17.5	0.00706714	0.122372	0	44.7874	0	48.1969	139	0	-0.638659	0	0	-0.510935	0
OTU_5730	6	1	10	13.3333	0.0212014	0.155875	0	54.3083	0	633.675	174	0	0.0978127	0	3	0.0507346	0
OTU_576	1	0	11	9	0.00353357	0.131472	0	43.6361	0	11.2982	111	0	-0.822777	0	3	-1.15421	0
OTU_5766	2	1	2	3	0.00706714	0.00795053	0	2.5	0	3.01859	75	13	-1	0	18	-1	0
OTU_579	1	0	1	1	0.00353357	0.00353357	0	1	0	1.54308	2	19	0	0	46	0	0
OTU_58	4	0.333333	10	4.25	0.0141343	0.123496	0.0091347	42.1385	0.00881219	7.11332	212	5	0.280056	0.375	6	0.280056	0.375
OTU_5881	1	0	1	1	0.00353357	0.00353357	0	1	0	1.54308	16	23	0	0	38	0	0
OTU_5886	7	0.666667	3	8.28571	0.024735	0.0389576	8.81304e-05	13.1667	9.13326e-05	182.016	180	3	0.32076	0	2	0.32076	0
OTU_59	8	0.892857	9	12.625	0.0282686	0.163261	0.000119257	57.502	0.000113261	951.903	242	0	0.466049	0	3	0.532714	0
OTU_594	1	0	9	13	0.00353357	0.167955	0	53.0385	0	4.61964	129	2	-0.743877	0	11	-0.57735	0
OTU_597	9	0.666667	2	9.33333	0.0318021	0.0472213	0.000206811	15	0.000211555	338.603	196	3	0.824812	0	2	0.824812	0
OTU_6	2	1	1	2	0.00706714	0.00706714	0	2	0	2.70827	66	15	0	0	23	0	0
OTU_600	2	0	9	10	0.00706714	0.146207	0.00110853	48.0123	0.00109161	6.32133	194	1	-0.409154	0	14	-0.57735	0.5
OTU_608	1	0	12	2	0.00353357	0.0780732	0	24.4004	0	1.5923	47	4	-0.806226	0	29	0	0
OTU_61	5	0.2	10	3.4	0.0176678	0.122372	0.0153892	41.8218	0.0156917	7.87582	221	5	1.68034	0	6	1.68034	0
OTU_612	2	1	8	12	0.00706714	0.174953	0	55.5333	0	12.9176	163	2	-0.440254	0	17	-0.57735	0.5
OTU_628	2	1	8	7	0.00706714	0.16053	0	50.9083	0	6.12842	147	1	-0.409154	0	1	-0.522035	0
OTU_651	1	0	1	1	0.00353357	0.00353357	0	1	0	1.54308	3	23	0	0	38	0	0
OTU_660	1	0	9	16	0.00353357	0.156237	0	50.3187	0	14.3395	132	0	-0.822777	0	3	-1.15421	0
OTU_664	2	0	9	8.5	0.00706714	0.145731	0.00110204	47.8885	0.00116909	5.58446	191	5	-1.12022	0.5	6	-1.12022	0.5
OTU_674	2	1	11	23.5	0.00706714	0.135858	0	48.6361	0	93.0014	146	0	-0.638659	0	0	-0.510935	0
OTU_691	1	0	1	1	0.00353357	0.00353357	0	1	0	1.54308	16	29	0	0	48	0	0
OTU_695	7	0.380952	8	9.42857	0.024735	0.178675	0.0229758	61.5464	0.0231546	64.3138	267	1	1.08134	0	1	0.369025	0.44898
OTU_7	2	0	9	5.5	0.00706714	0.123838	0.0238077	40.1706	0.0238077	2.90239	184	7	-1.33631	0.5	8	-1.33631	0.5
OTU_70	2	0	9	6	0.00706714	0.144013	0.00486179	46.9992	0.00486179	4.17455	190	1	-0.409154	0	41	0	0.5
OTU_72	1	0	9	3	0.00353357	0.136688	0	42.4254	0	1.73355	85	1	-0.707252	0	25	-0.707107	0
OTU_73	3	0	9	6	0.0106007	0.169438	0.00558542	54.7885	0.00562458	7.45344	233	2	-0.136631	0	33	0	0.666667
OTU_740	2	1	8	15.5	0.00706714	0.177966	0	57.1405	0	13.3683	165	2	-0.440254	0	5	-0.494889	0.5
OTU_7456	2	0	1	1	0.00706714	0.00706714	2.50608e-05	2	2.50608e-05	2.17818	135	17	1.41421	0	19	1.41421	0
OTU_75	3	0.666667	11	4	0.0106007	0.105218	0.000199054	35.0008	0.000207448	5.43433	168	5	0.280056	0	6	0.280056	0
OTU_750	4	0.833333	11	16.5	0.0141343	0.137527	1.80994e-05	50.6861	2.03619e-05	204.142	215	0	-0.270423	0	0	-0.0982567	0
OTU_7589	1	0	1	1	0.00353357	0.00353357	0	1	0	1.54308	21	31	0	0	28	0	0
OTU_759	1	0	12	9	0.00353357	0.115136	0	39.3342	0	5.69397	93	0	-0.822777	0	0	-0.717274	0
OTU_785	1	0	11	22	0.00353357	0.120831	0	42.8207	0	17.27	110	0	-0.822777	0	0	-0.717274	0
OTU_7983	1	0	1	1	0.00353357	0.00353357	0	1	0	1.54308	8	26	0	0	43	0	0
OTU_80	1	0	2	2	0.00353357	0.00471143	0	1.5	0	1.58909	33	18	-0.707107	0	22	-0.707107	0
OTU_804	3	0	2	1.33333	0.0106007	0.0113074	0.000125304	3.5	0.000125304	2.96688	154	9	1.75	0	24	1.41421	0.444444
OTU_81	4	0	9	4.75	0.0141343	0.146207	0.0240274	49.4659	0.024361	7.03237	234	5	0.280056	0.375	6	0.280056	0.375
OTU_8100	2	1	3	11.5	0.00706714	0.0338762	0	10.5	0	24.0545	105	3	-0.939369	0	2	-0.939369	0
OTU_8148	3	0.666667	1	2.33333	0.0106007	0.0106007	1.25304e-05	3	1.25304e-05	4.24822	152	11	1	0	15	1	0
OTU_8325	1	0	1	1	0.00353357	0.00353357	0	1	0	1.54308	22	28	0	0	45	0	0
OTU_8377	3	0.333333	9	5	0.0106007	0.144322	0.00486179	47.6659	0.00486179	6.27938	207	1	-0.111056	0	1	-0.225015	0
OTU_842	1	0	9	5	0.00353357	0.11445	0	35.7611	0	1.78224	63	6	-0.866025	0	9	-0.866025	0
OTU_8428	4	0.833333	11	14.75	0.0141343	0.136272	1.25304e-05	49.8028	1.25304e-05	184.209	208	0	-0.270423	0	0	-0.0982567	0
OTU_8598	1	0	12	4	0.00353357	0.0811867	0	25.5507	0	1.78184	50	7	-1.33631	0	8	-1.33631	0
OTU_868	1	0	11	11	0.00353357	0.118801	0	40.3207	0	4.28958	88	0	-0.822777	0	0	-0.717274	0
OTU_87	2	0	1	1	0.00706714	0.00706714	2.50608e-05	2	2.50608e-05	2.17818	133	18	1.41421	0	22	1.41421	0
OTU_88	3	0.333333	9	6	0.0106007	0.128701	0.00486179	42.3167	0.00486179	8.2016	198	2	-0.136631	0	4	-0.365963	0
OTU_8849	1	0	11	2	0.00353357	0.0888063	0	27.5338	0	1.5935	48	2	-0.743877	0	34	0	0
OTU_886	1	0	11	22	0.00353357	0.120831	0	42.8207	0	17.27	109	0	-0.822777	0	0	-0.717274	0
OTU_8875	1	0	4	9	0.00353357	0.0283328	0	8.83333	0	4.41632	56	3	-1.1914	0	2	-1.1914	0
OTU_888	3	0.666667	8	8	0.0106007	0.163659	2.92376e-05	53.1571	3.1326e-05	10.0608	214	2	-0.136631	0	5	0.262	0
OTU_89	16	0.216667	8	8.4375	0.0565371	0.201748	0.120796	72.1667	0.119814	1245.51	284	0	1.57076	0.21875	3	1.25568	0.5
OTU_913	1	0	9	11	0.00353357	0.14294	0	46.0325	0	3.99253	103	1	-0.707252	0	1	-0.819056	0
OTU_944	5	1	3	10.2	0.0176678	0.0371025	0	12.1667	0	134.572	133	3	-0.183292	0	2	-0.183292	0
OTU_96	2	0	7	5	0.00706714	0.14996	0.000760177	47.8643	0.000747646	3.12078	180	1	-0.409154	0	1	-0.522035	0
OTU_97	2	0	2	1.5	0.00706714	0.00795053	5.01215e-05	2.5	5.01215e-05	2.22726	141	12	1	0	16	1	0
OTU_98	13	0.320513	10	8.76923	0.0459364	0.145731	0.00908856	58.0266	0.00947739	745.918	265	0	1.38664	0	0	1.75879	0
OTU_985	1	0	9	5	0.00353357	0.115831	0	36.4683	0	1.79535	70	4	-0.806226	0	13	-0.57735	0
OTU_9957	1	0	2	3	0.00353357	0.00636042	0	2	0	1.63819	41	10	-0.57735	0	12	-0.57735	0
