Node	Degree	Clustering coefficient	Eccentricity	Average neighbor degree	Degree centrality	Closeness centrality	Betweenness centrality	Harmonic centrality	Load centrality	Subgraph centrality	Mean centrality rank	Module number (greedy modularity)	Z-score (greedy modularity)	P-score (greedy modularity)	Module number (label propagation)	Z-score (label propagation)	P-score (label propagation)
OTU_1	13	0.307692	17	6.07692	0.0301624	0.163063	0.0253362	95.0158	0.0248251	444.022	338	5	2.32993	0	6	2.30623	0
OTU_1014	1	0	17	7	0.00232019	0.158559	0	84.961	0	25.894	118	2	-0.521427	0	1	-0.565755	0
OTU_1017	2	1	17	13	0.00464037	0.16165	0	89.242	0	40.0899	148	1	-0.580911	0	5	-0.441771	0
OTU_102	20	0.131579	16	8	0.0464037	0.181375	0.0333497	113.528	0.0348842	111750	397	0	0.978919	0.18	0	0.988247	0.18
OTU_1021	2	0	17	2.5	0.00464037	0.145738	0.00431662	75.2578	0.00431662	4.57869	200	2	-0.302277	0	47	0	0.5
OTU_10251	2	0	16	36	0.00464037	0.188238	4.6768e-05	108.145	4.05904e-05	5685.54	254	2	-0.302277	0	1	-0.356503	0
OTU_103	5	0.1	16	7.8	0.0116009	0.186637	0.00656666	106.224	0.00684319	2638.31	334	1	0.207027	0	23	1.41421	0.64
OTU_10370	3	0	17	11	0.00696056	0.16974	0.00877455	96.5324	0.00884811	393.299	295	2	-0.0831261	0	1	-0.356503	0.444444
OTU_1039	1	0	17	25	0.00232019	0.168818	0	94.1991	0	329.116	144	2	-0.521427	0	1	-0.565755	0
OTU_1046	6	0.6	17	7.5	0.0139211	0.162212	0.000974466	90.6824	0.000965924	284.763	262	5	0.183942	0	6	0.104828	0
OTU_10488	16	0.541667	15	24.6875	0.037123	0.216158	0.00235752	133.756	0.0021693	1.20407e+06	394	0	0.640599	0.117188	0	0.655066	0.117188
OTU_106	5	0.3	12	3.8	0.0116009	0.147349	0.010716	71.5994	0.010716	8.59362	249	6	1.43626	0	9	1.21268	0.32
OTU_1061	1	0	16	36	0.00232019	0.176151	0	98.0118	0	8448.63	165	0	-0.938227	0	0	-0.899775	0
OTU_1078	2	0	18	2	0.00464037	0.143717	0.00431662	76.0919	0.00431662	3.63346	196	2	-0.302277	0	45	0	0.5
OTU_108	3	1	17	11.6667	0.00696056	0.152281	0	84.5221	0	1079.37	158	0	-0.712681	0	0	-0.677655	0
OTU_1091	2	0	16	36	0.00464037	0.188238	4.6768e-05	108.145	4.05904e-05	5685.54	256	2	-0.302277	0	1	-0.356503	0
OTU_10917	5	0.5	14	6.2	0.0116009	0.174749	0.00282463	90.015	0.0028492	37.4301	271	4	1.03012	0.32	2	0.85582	0
OTU_1092	2	0	16	36	0.00464037	0.188238	4.6768e-05	108.145	4.05904e-05	5685.54	254	2	-0.302277	0	1	-0.356503	0
OTU_10998	4	0.833333	16	11.25	0.00928074	0.170204	2.09665e-05	93.7356	1.88627e-05	128.969	239	1	-0.0556192	0	2	-0.0546268	0.375
OTU_110	7	0.333333	14	6.85714	0.0162413	0.103206	0.0192483	59.6486	0.018851	62.9459	252	3	0.712943	0	4	0.396491	0.244898
OTU_1101	15	0.47619	16	23.1333	0.0348028	0.195436	0.001725	123.343	0.00160794	964400	381	0	0.640599	0	0	0.655066	0
OTU_11054	3	0	16	2.66667	0.00696056	0.164139	0.0116476	86.3844	0.0116371	23.121	267	1	-0.318265	0	26	-0.707107	0.666667
OTU_111	10	0.222222	16	10	0.0232019	0.19351	0.0315374	116.167	0.0312409	5573.06	388	1	1.52026	0	7	1.13805	0.68
OTU_1119	3	0.666667	16	19.3333	0.00696056	0.17817	1.37814e-05	100.593	1.41339e-05	23050.1	261	0	-0.712681	0	0	-0.677655	0
OTU_112	13	0.25641	15	6.92308	0.0301624	0.0952971	0.0138278	62.8086	0.0132571	214.703	278	3	2.23453	0	4	2.04854	0.260355
OTU_11276	6	0.0666667	16	17.6667	0.0139211	0.196053	0.00732725	117.69	0.00772787	8874.97	366	1	-0.0556192	0.444444	1	0.0620006	0.5
OTU_11326	2	1	17	3	0.00464037	0.0795497	0	43.8468	0	3.16108	53	3	-0.555043	0	3	-0.337772	0
OTU_1140	4	0	16	19.75	0.00928074	0.19006	0.00728213	110.795	0.00706798	6780.47	344	2	-0.302277	0.5	1	-0.356503	0.625
OTU_11423	2	0	4	2	0.00464037	0.00742459	0.000129499	4.16667	0.000129499	2.28017	134	8	0	0	19	1	0
OTU_115	15	0.0857143	16	6.2	0.0348028	0.191622	0.0376118	115.907	0.037918	2727.09	392	1	2.83349	0	7	2.56978	0.648889
OTU_116	8	0.428571	16	18.375	0.0185615	0.189867	0.000167192	113.376	0.000182129	195535	336	0	-0.148814	0	0	-0.122354	0
OTU_117	11	0.127273	16	4.90909	0.025522	0.0875177	0.0467684	58.2094	0.046782	74.2706	280	3	1.47373	0.165289	3	2.14485	0.297521
OTU_1172	1	0	16	21	0.00232019	0.0868253	0	50.6261	0	7.39292	46	3	-0.80864	0	3	-0.692433	0
OTU_1173	1	0	17	17	0.00232019	0.15253	0	81.3503	0	18.6466	101	2	-0.521427	0	1	-0.565755	0
OTU_11791	7	0.619048	17	8.57143	0.0162413	0.147816	0.000500208	80.8685	0.000666621	131.417	243	5	0.490511	0	6	0.419314	0
OTU_118	1	0	16	11	0.00232019	0.171063	0	90.8952	0	1047.87	151	0	-0.938227	0	0	-0.899775	0
OTU_119	13	0.358974	15	23.7692	0.0301624	0.223406	0.0277992	137.901	0.0267266	445937	419	0	-0.261588	0.627219	0	0.0997659	0.378698
OTU_11931	1	0	16	34	0.00232019	0.176318	0	97.4928	0	8745.87	163	0	-0.938227	0	0	-0.899775	0
OTU_12	2	0	2	1.5	0.00464037	0.00522042	2.15831e-05	2.5	2.15831e-05	2.22726	127	12	1	0	18	1	0
OTU_1202	3	1	15	11.3333	0.00696056	0.0943094	0	54.3182	0	28.8217	108	3	-0.301446	0	4	-0.594737	0
OTU_1203	12	0.5	15	24.1667	0.0278422	0.211621	0.00130762	126.506	0.00124871	632725	382	0	0.189506	0.152778	0	0.321886	0
OTU_12094	5	0.3	17	7	0.0116009	0.162283	0.00192076	91.492	0.00200583	60.6656	253	1	0.207027	0	5	0.702817	0
OTU_121	13	0.25641	14	6.76923	0.0301624	0.10436	0.081683	65.8724	0.077181	212.809	297	3	2.23453	0	4	2.37895	0.142012
OTU_1211	1	0	18	7	0.00232019	0.139472	0	72.9959	0	3.75342	68	7	-0.637377	0	16	-1	0
OTU_1228	3	0	16	29.6667	0.00696056	0.189481	0.000613571	110.145	0.000496308	6282.81	299	2	-0.0831261	0	1	-0.147251	0
OTU_123	1	0	17	9	0.00232019	0.154808	0	81.655	0	5.86329	95	1	-0.843557	0	5	-0.8233	0
OTU_12310	15	0.142857	16	12.0667	0.0348028	0.202106	0.0250172	127.628	0.0245046	130929	408	1	1.7829	0.417778	0	0.210826	0.435556
OTU_12359	1	0	16	6	0.00232019	0.159439	0	81.4202	0	12.3413	109	4	-0.611632	0	11	-0.707107	0
OTU_124	2	0	15	12	0.00464037	0.173368	0.000212885	91.3582	0.000191325	66.8023	223	4	-0.611632	0.5	2	-0.965073	0.5
OTU_1251	2	1	18	5	0.00464037	0.127682	0	65.4633	0	4.76106	86	5	-1.04234	0	49	0	0.5
OTU_12516	2	1	16	21.5	0.00464037	0.176068	0	97.8523	0	17250.9	184	0	-0.825454	0	0	-0.788715	0
OTU_1253	5	0.1	16	21.6	0.0116009	0.193711	0.00491228	115.928	0.00501343	7197.85	353	1	-0.580911	0.48	1	-0.147251	0.56
OTU_12543	11	0.490909	16	21.6364	0.025522	0.191033	0.00382573	117.459	0.00355783	452750	375	0	0.189506	0	0	0.210826	0
OTU_12580	2	1	16	17	0.00464037	0.180062	0	99.7213	0	5214.67	180	1	-0.580911	0	0	-0.788715	0
OTU_126	3	0	18	4	0.00696056	0.13942	0.0256731	74.6455	0.0256731	3.84801	235	10	0.324443	0.444444	20	-0.57735	0.666667
OTU_1265	1	0	1	1	0.00232019	0.00232019	0	1	0	1.54308	5	19	0	0	39	0	0
OTU_12734	3	0.333333	4	2.66667	0.00696056	0.00928074	0.000172665	5.08333	0.000172665	3.70611	154	8	1.22474	0	13	0	0.444444
OTU_1278	2	0	16	32	0.00464037	0.187954	0.000424618	108.012	0.000369842	3745.96	272	2	-0.302277	0	1	-0.356503	0
OTU_128	7	0.047619	13	4	0.0162413	0.114374	0.182796	64.9572	0.18294	18.2132	272	3	0.712943	0	15	1.75	0.693878
OTU_129	9	0.388889	16	17.3333	0.0208817	0.203651	0.00408175	124.274	0.00407036	116642	377	1	0.207027	0.493827	0	-0.122354	0.197531
OTU_1298	1	0	15	2	0.00232019	0.0918936	0	45.5376	0	1.60127	24	3	-0.80864	0	15	-0.75	0
OTU_13	3	0.333333	10	4.66667	0.00696056	0.154552	0.229795	73.6298	0.229795	4.52339	260	6	0.226779	0	14	-0.392232	0.444444
OTU_131	8	0.107143	11	3	0.0185615	0.174259	0.274268	86.1881	0.274268	13.3384	327	6	2.64575	0.21875	14	1.56893	0.65625
OTU_1313	1	0	17	6	0.00232019	0.0797538	0	44.4301	0	2.74441	26	3	-0.80864	0	4	-1.25556	0
OTU_13164	1	0	3	2	0.00232019	0.00348028	0	1.83333	0	1.59061	18	12	-1	0	18	-1	0
OTU_13168	6	0.866667	16	23.6667	0.0139211	0.18076	1.13004e-05	105.893	1.14933e-05	163691	293	0	-0.374361	0	0	-0.344475	0
OTU_13177	28	0.238095	14	17.6786	0.0649652	0.243054	0.157187	152.111	0.154897	1.77889e+06	430	0	1.43001	0.357143	0	1.76567	0.196429
OTU_132	16	0.258333	15	18.8125	0.037123	0.221549	0.009428	137.868	0.00903131	496583	411	0	0.189506	0.460938	0	0.655066	0.117188
OTU_1337	2	1	16	36	0.00464037	0.18977	0	110.245	0	12496.1	206	2	-0.521427	0.5	1	-0.565755	0.5
OTU_134	19	0.146199	16	11.1053	0.0440835	0.20624	0.0287781	130.64	0.0292088	204258	415	1	2.57084	0.387812	0	0.655066	0.360111
OTU_135	5	0.6	18	8.4	0.0116009	0.139108	1.51082e-05	75.4506	1.49283e-05	64.0436	203	5	-0.122628	0	6	-0.209657	0
OTU_136	6	0.466667	16	9	0.0139211	0.0872109	0.00436898	55.0594	0.004371	66.3728	222	3	0.459346	0	4	0.0660819	0.277778
OTU_1360	11	0.218182	16	6.90909	0.025522	0.179975	0.00963817	105.302	0.0100705	489.955	345	1	1.7829	0	2	1.31104	0.61157
OTU_137	18	0.300654	15	17.5556	0.0417633	0.217164	0.0139581	133.934	0.0128443	596538	416	1	1.52026	0.493827	0	0.988247	0
OTU_1370	1	0	12	8	0.00232019	0.146827	0	68.8494	0	2.06266	64	6	-0.982708	0	14	-1.37281	0
OTU_13791	3	0.666667	16	12	0.00696056	0.0870278	1.38406e-05	52.6761	1.42603e-05	27.9484	162	3	-0.301446	0	4	-0.925146	0.444444
OTU_1382	8	0.428571	15	27.375	0.0185615	0.212586	0.00123839	126.984	0.000966678	214101	371	0	-0.487134	0.53125	0	-0.233414	0.21875
OTU_1396	3	0	16	26.3333	0.00696056	0.188619	0.00058451	109.062	0.000553568	6031.67	295	2	-0.0831261	0	1	-0.147251	0
OTU_14	36	0.22381	15	15.2222	0.0835267	0.217164	0.070548	142.756	0.0716705	2.68729e+06	426	0	2.78329	0.104938	0	2.87627	0.0540123
OTU_140	9	0.0833333	16	5.55556	0.0208817	0.185616	0.0195502	107.933	0.0201765	1106.09	359	1	1.25761	0	5	1.8474	0.197531
OTU_141	21	0.114286	15	5.09524	0.0487239	0.0957373	0.0523966	67.842	0.0573327	338.766	302	3	4.2633	0	3	3.20884	0.489796
OTU_14293	10	0.222222	15	5.8	0.0232019	0.0949092	0.0174486	59.8253	0.0172854	93.2231	263	3	1.47373	0	3	1.43553	0.42
OTU_143	3	1	16	11.3333	0.00696056	0.0869062	0	51.9594	0	21.8982	91	3	-0.301446	0	3	0.0168886	0
OTU_1434	7	0	16	5.71429	0.0162413	0.174994	0.00457973	98.3785	0.00463873	1577.07	321	2	0.793476	0	1	0.689757	0
OTU_14351	7	0.47619	15	10.1429	0.0162413	0.0951028	0.00216329	59.5586	0.00201087	108.691	225	3	0.712943	0	4	0.396491	0.244898
OTU_144	7	0.47619	16	17.8571	0.0162413	0.178597	0.00434226	104.195	0.00434432	121339	340	0	-0.261588	0	0	-0.233414	0
OTU_14574	11	0.381818	15	19.2727	0.025522	0.209482	0.0117774	124.489	0.0119508	332605	405	0	0.0767324	0.165289	0	0.0997659	0.165289
OTU_146	1	0	20	6	0.00232019	0.0639836	0	33.7217	0	1.98972	23	9	-1.06904	0	8	-1.30558	0
OTU_14601	3	1	17	11	0.00696056	0.147407	0	78.3685	0	46.5119	138	5	-0.735767	0	6	-0.838628	0
OTU_14617	1	0	6	3	0.00232019	0.00571123	0	3.28333	0	1.6654	20	8	-1.22474	0	13	-1.11803	0
OTU_14733	2	1	18	4.5	0.00464037	0.137976	0	73.9963	0	23.3869	116	11	0	0	12	0	0
OTU_14736	10	0.355556	16	7.4	0.0232019	0.17434	0.0287359	99.119	0.0303682	1446.9	348	5	1.10365	0.18	6	1.04828	0.18
OTU_1479	6	0	16	6.33333	0.0139211	0.17483	0.0044603	97.7118	0.00448889	1317.72	314	2	0.574326	0	1	0.480505	0
OTU_148	2	1	17	10.5	0.00464037	0.159644	0	86.8562	0	18.5117	137	1	-0.580911	0	7	-0.293689	0
OTU_14864	4	0	16	7.5	0.00928074	0.172566	0.00865208	94.9952	0.00865543	647.186	313	2	0.136024	0	1	-0.147251	0.375
OTU_1487	2	0	18	4	0.00464037	0.139577	0.00431662	73.6625	0.00431662	4.41958	193	7	0	0	37	0	0.5
OTU_15	25	0.243333	15	15.96	0.0580046	0.227354	0.0378171	145.784	0.0368982	940540	422	0	0.866146	0.5024	0	1.21037	0.3392
OTU_150	8	0.464286	15	23.5	0.0185615	0.213071	0.0017631	127.184	0.00171736	137785	375	1	0.207027	0.53125	0	-0.233414	0.21875
OTU_151	2	0	17	5	0.00464037	0.153724	0.00124828	81.6408	0.00125886	9.50436	205	1	-0.580911	0	35	0	0.5
OTU_1513	17	0	16	4.17647	0.0394432	0.18235	0.0190441	109.383	0.0194138	4589.55	377	2	2.54668	0.207612	1	2.57303	0.110727
OTU_15204	1	0	1	1	0.00232019	0.00232019	0	1	0	1.54308	12	17	0	0	50	0	0
OTU_15640	1	0	17	19	0.00232019	0.168895	0	93.3372	0	650.24	147	1	-0.843557	0	0	-0.899775	0
OTU_15903	2	1	16	16	0.00464037	0.0871091	0	52.4928	0	14.7212	77	3	-0.555043	0	3	-0.337772	0
OTU_16045	4	0.5	16	27.25	0.00928074	0.188238	0.000120624	110.626	0.000137552	89420.3	307	0	-0.599908	0	0	-0.566595	0
OTU_161	14	0.571429	16	21.4286	0.0324826	0.193611	0.000731358	121.126	0.000866208	767972	368	0	0.527826	0	0	0.544006	0
OTU_162	1	0	17	7	0.00232019	0.151971	0	79.5527	0	7.84746	89	1	-0.843557	0	25	-0.707107	0
OTU_16427	1	0	17	3	0.00232019	0.136363	0	67.263	0	1.68057	52	4	-0.611632	0	11	-0.707107	0
OTU_16473	2	0	15	7	0.00464037	0.169817	0.00431662	87.3915	0.00431662	35.3963	241	4	-0.0643823	0	33	0	0.5
OTU_165	3	0	14	5	0.00696056	0.174667	0.0130404	88.6912	0.0132786	16.0206	281	4	0.482867	0	42	0	0.666667
OTU_167	3	0	12	5	0.00696056	0.125619	0.221052	64.4747	0.221071	4.04505	242	3	-0.555043	0.444444	24	-0.707107	0.666667
OTU_1684	1	0	16	13	0.00232019	0.171614	0	92.2452	0	220.222	141	2	-0.521427	0	1	-0.565755	0
OTU_170	6	0.333333	17	8.33333	0.0139211	0.163707	0.000652548	93.4705	0.000700275	120.6	259	1	0.469673	0	5	0.702817	0.277778
OTU_171	1	0	17	7	0.00232019	0.149895	0	79.2388	0	385.023	120	0	-0.938227	0	0	-0.899775	0
OTU_17111	1	0	15	13	0.00232019	0.169663	0	86.7248	0	34.5009	129	4	-0.611632	0	10	-0.447214	0
OTU_17156	3	0.666667	15	6.66667	0.00696056	0.167154	1.09115e-05	86.0474	1.10164e-05	26.2827	209	4	-0.0643823	0.444444	2	-0.0546268	0
OTU_1728	4	0	16	22.75	0.00928074	0.189674	0.00286129	110.812	0.00273944	6364.45	329	2	0.136024	0	1	0.0620006	0
OTU_17462	1	0	17	3	0.00232019	0.136363	0	67.263	0	1.68057	51	4	-0.611632	0	11	-0.707107	0
OTU_176	9	0.222222	15	11	0.0208817	0.186079	0.0205138	107.068	0.020896	809.829	357	1	0.994965	0.197531	2	0.85582	0.617284
OTU_1769	3	0	17	5.66667	0.00696056	0.162849	0.000133684	89.7205	0.000206339	191.512	231	2	-0.0831261	0	1	-0.147251	0
OTU_1773	1	0	16	13	0.00232019	0.171614	0	92.2452	0	220.222	141	2	-0.521427	0	1	-0.565755	0
OTU_17787	4	0.5	16	22	0.00928074	0.179197	2.87851e-05	102.726	2.99831e-05	63594.4	283	0	-0.599908	0	0	-0.566595	0
OTU_179	1	0	17	20	0.00232019	0.151847	0	82.8554	0	358.709	124	0	-0.938227	0	0	-0.899775	0
OTU_180	7	0.238095	17	5	0.0162413	0.166483	0.00731848	95.592	0.00742134	96.0373	304	1	0.732319	0	5	1.46588	0
OTU_18010	1	0	17	4	0.00232019	0.148404	0	77.0781	0	61.2993	103	14	-0.707107	0	31	-0.707107	0
OTU_1802	1	0	1	1	0.00232019	0.00232019	0	1	0	1.54308	5	21	0	0	34	0	0
OTU_181	2	1	12	5.5	0.00464037	0.146885	0	69.3494	0	3.58875	96	6	-0.377964	0	14	-0.392232	0
OTU_18117	1	0	17	3	0.00232019	0.155843	0	81.9539	0	12.3295	106	2	-0.521427	0	29	-0.707107	0
OTU_1826	1	0	15	3	0.00232019	0.147117	0	71.1506	0	1.70109	63	4	-0.611632	0	42	0	0
OTU_1835	2	0	16	24	0.00464037	0.186918	0.00431662	106.678	0.00431662	3311.83	288	2	-0.302277	0	53	0	0.5
OTU_1841	1	0	1	1	0.00232019	0.00232019	0	1	0	1.54308	9	20	0	0	43	0	0
OTU_185	8	0.392857	15	7.375	0.0185615	0.0948368	0.00297047	58.2253	0.00272911	96.0462	227	3	0.96654	0	4	1.05731	0
OTU_18617	1	0	18	13	0.00232019	0.138798	0	73.1173	0	6.19758	70	5	-1.34891	0	6	-1.4676	0
OTU_18641	3	1	16	21.3333	0.00696056	0.175654	0	98.7213	0	29967.9	195	0	-0.712681	0	0	-0.677655	0
OTU_18671	4	0.666667	17	7.5	0.00928074	0.166186	0.0001878	93.9253	0.000218572	80.785	246	1	-0.0556192	0	5	0.321288	0
OTU_187	4	0.5	17	9.5	0.00928074	0.152405	0.00431662	85.1888	0.00431662	1483.04	264	0	-0.599908	0	0	-0.566595	0
OTU_188	2	1	18	5	0.00464037	0.127682	0	65.4633	0	4.76106	86	5	-1.04234	0	49	0	0.5
OTU_18890	1	0	17	4	0.00232019	0.148404	0	77.0781	0	61.2993	103	14	-0.707107	0	31	-0.707107	0
OTU_19	1	0	1	1	0.00232019	0.00232019	0	1	0	1.54308	12	18	0	0	36	0	0
OTU_190	2	1	17	13.5	0.00464037	0.152219	0	84.1054	0	538.363	153	11	-0.912871	0.5	12	-0.912871	0.5
OTU_19050	1	0	1	1	0.00232019	0.00232019	0	1	0	1.54308	1	16	0	0	52	0	0
OTU_191	18	0.359477	16	22.1667	0.0417633	0.216283	0.0442206	141.724	0.0434778	1.02797e+06	423	0	0.415052	0.444444	0	0.766127	0.203704
OTU_19222	3	0.333333	13	7.66667	0.00696056	0.186172	0.0250647	94.1563	0.0252674	80.8749	315	4	-0.0643823	0.444444	2	-0.50985	0.444444
OTU_19287	1	0	17	11	0.00232019	0.0800103	0	45.6706	0	3.08766	27	3	-0.80864	0	3	-0.692433	0
OTU_1934	3	0.333333	16	8.66667	0.00696056	0.0869062	0.00248417	51.9594	0.00249987	10.874	181	3	-0.301446	0	3	0.0168886	0
OTU_194	7	0.380952	15	11.8571	0.0162413	0.196984	0.00617326	112.294	0.00708338	2126.09	354	1	0.732319	0	2	0.400596	0.571429
OTU_196	6	0.533333	15	26.5	0.0139211	0.204544	0.000342591	118.489	0.000363026	193311	343	0	-0.374361	0	0	-0.344475	0
OTU_197	5	0.1	17	7.4	0.0116009	0.171141	0.0038325	98.9396	0.00403764	208.063	287	1	-0.0556192	0.32	1	-0.356503	0.72
OTU_19766	1	0	17	20	0.00232019	0.151847	0	82.8554	0	358.709	124	0	-0.938227	0	0	-0.899775	0
OTU_19805	2	1	15	19	0.00464037	0.191721	0	104.522	0	3616.39	190	4	-0.611632	0.5	10	-0.447214	0.5
OTU_1988	9	0.416667	16	18.5556	0.0208817	0.191033	0.000579794	115.543	0.000653101	234971	347	0	-0.036041	0	0	-0.0112942	0
OTU_2	3	0.333333	5	2.33333	0.00696056	0.00781536	7.55409e-05	4.78333	7.55409e-05	3.65319	151	8	1.22474	0	13	1.11803	0
OTU_20	2	0	1	1	0.00464037	0.00464037	1.07916e-05	2	1.07916e-05	2.17818	121	13	1.41421	0	28	1.41421	0
OTU_200	36	0.261905	15	18.2222	0.0835267	0.231157	0.0415537	153.584	0.0406859	3.19529e+06	427	0	2.21943	0.33179	0	2.65415	0.152778
OTU_20055	1	0	6	3	0.00232019	0.00571123	0	3.28333	0	1.6654	21	8	-1.22474	0	13	-1.11803	0
OTU_20094	1	0	18	4	0.00232019	0.131	0	67.8351	0	6.70603	66	0	-0.938227	0	0	-0.899775	0
OTU_202	4	0.5	12	5	0.00928074	0.147349	0.0106782	71.2661	0.0106782	7.60295	245	6	0.831522	0	9	0.363803	0.375
OTU_2027	1	0	16	47	0.00232019	0.186731	0	106.012	0	3289.99	171	2	-0.521427	0	1	-0.565755	0
OTU_20360	2	0	17	3.5	0.00464037	0.152592	0.000138704	81.3602	0.000175676	34.1396	194	7	0	0	48	0	0.5
OTU_20452	1	0	17	6	0.00232019	0.147233	0	75.9816	0	6.35322	81	2	-0.521427	0	1	-0.565755	0
OTU_206	2	1	16	27	0.00464037	0.187293	0	106.728	0	20604.5	197	1	-0.843557	0.5	0	-0.788715	0
OTU_207	3	0	19	1.66667	0.00696056	0.121448	0.00862246	62.6961	0.00862246	3.03891	210	10	1.45999	0	27	1.41421	0.444444
OTU_20797	25	0.293333	16	15.68	0.0580046	0.198135	0.0151178	129.878	0.0157341	1.16434e+06	412	0	1.76833	0	0	1.76567	0
OTU_208	1	0	17	11	0.00232019	0.0800103	0	45.6706	0	3.08766	28	3	-0.80864	0	3	-0.692433	0
OTU_20810	4	0.5	13	3.5	0.00928074	0.127508	4.8562e-05	61.2033	4.8562e-05	6.92723	179	6	0.831522	0	9	1.21268	0
OTU_21	12	0.242424	17	8.5	0.0278422	0.167454	0.00774587	102.287	0.00774026	44963.4	346	0	0.302279	0	0	0.321886	0
OTU_211	7	0.238095	17	12.2857	0.0162413	0.176652	0.00614174	105.711	0.0061521	1802.52	330	1	0.732319	0	7	0.183556	0.734694
OTU_21239	7	0.428571	16	19.5714	0.0162413	0.188714	0.00958598	112.659	0.00991642	153761	379	0	-0.374361	0.244898	0	-0.344475	0.244898
OTU_21262	8	0.107143	16	17	0.0185615	0.198874	0.0187821	121.457	0.0188375	8347.53	389	1	0.469673	0.375	5	-0.0602414	0.71875
OTU_21361	24	0.271739	16	14.25	0.0556845	0.193611	0.00644297	125.162	0.007213	1.02539e+06	401	0	1.65556	0	0	1.65461	0
OTU_21434	2	1	18	6	0.00464037	0.143606	0	77.3538	0	5.10679	114	1	-0.580911	0	5	-0.441771	0
OTU_215	2	1	16	28	0.00464037	0.177746	0	101.095	0	12254.3	185	0	-0.825454	0	0	-0.788715	0
OTU_21522	4	0	12	5.75	0.00928074	0.197088	0.270716	98.5049	0.27097	148.139	355	4	-0.0643823	0.625	2	-0.50985	0.625
OTU_21582	4	0	16	11.5	0.00928074	0.17817	0.00952837	101.795	0.00980253	8817.69	337	7	0.637377	0.375	46	0	0.75
OTU_216	3	0.666667	17	9.33333	0.00696056	0.163779	9.92279e-05	91.0039	0.000114585	72.0766	224	1	-0.318265	0	7	0.183556	0
OTU_2172	13	0.025641	15	14	0.0301624	0.210309	0.044942	127.722	0.045479	68693.1	414	2	1.45093	0.35503	1	1.31751	0.35503
OTU_21739	2	0	5	1.5	0.00464037	0.00593968	7.55409e-05	3.73333	7.55409e-05	2.22889	133	8	0	0	19	1	0
OTU_21837	4	0.333333	15	9.25	0.00928074	0.192115	0.00719173	105.377	0.00738231	959.194	333	4	0.482867	0.375	2	-0.0546268	0.375
OTU_21841	1	0	18	7	0.00232019	0.148522	0	80.1609	0	8.56268	88	1	-0.843557	0	7	-0.770934	0
OTU_21849	1	0	19	2	0.00232019	0.121408	0	61.0342	0	1.60544	47	7	-0.637377	0	37	0	0
OTU_2191	1	0	16	10	0.00232019	0.0861437	0	47.4356	0	3.34696	30	3	-0.80864	0	3	-0.692433	0
OTU_21915	5	0.3	17	6.2	0.0116009	0.162283	0.00453732	90.8205	0.00456987	55.0272	277	1	0.207027	0	17	1.41421	0.56
OTU_21937	1	0	14	8	0.00232019	0.153408	0	74.5714	0	2.20587	71	4	-0.611632	0	2	-0.965073	0
OTU_22049	1	0	16	16	0.00232019	0.176068	0	95.4047	0	833.971	155	1	-0.843557	0	0	-0.899775	0
OTU_22051	1	0	17	8	0.00232019	0.153408	0	80.6741	0	8.64877	92	1	-0.843557	0	1	-0.565755	0
OTU_22064	1	0	6	2	0.00232019	0.00464037	0	2.81667	0	1.59064	19	8	-1.22474	0	19	-1	0
OTU_22242	3	0.333333	17	10	0.00696056	0.165817	0.00120274	93.4443	0.00144655	82.2947	248	1	-0.580911	0.444444	7	-0.293689	0.444444
OTU_2230	2	1	16	35.5	0.00464037	0.193913	0	113.307	0	7635.7	213	2	-0.521427	0.5	1	-0.565755	0.5
OTU_22338	3	1	16	13.6667	0.00696056	0.0870075	0	52.7094	0	31.841	98	3	-0.301446	0	3	-0.337772	0.444444
OTU_22456	1	0	17	5	0.00232019	0.155518	0	81.311	0	10.3223	97	1	-0.843557	0	23	-0.707107	0
OTU_225	9	0.444444	15	23.1111	0.0208817	0.210072	0.0353198	123.989	0.0363966	315198	410	0	-0.261588	0.345679	0	-0.233414	0.345679
OTU_22558	3	0	16	16.3333	0.00696056	0.187105	0.00862246	107.345	0.00862246	3333.98	326	2	-0.0831261	0	29	1.41421	0.444444
OTU_226	5	0.7	17	15	0.0116009	0.166632	0.000900341	98.1205	0.00102226	17131.7	294	0	-0.487134	0	0	-0.455535	0
OTU_22658	2	1	17	9.5	0.00464037	0.16626	0	92.4634	0	486.232	160	1	-0.580911	0	22	-0.707107	0.5
OTU_22698	1	0	17	7	0.00232019	0.147349	0	76.2316	0	7.29519	84	2	-0.521427	0	1	-0.565755	0
OTU_22728	4	0.833333	16	31.75	0.00928074	0.195232	6.48999e-06	115.512	7.14616e-06	104231	312	0	-0.599908	0	0	-0.566595	0
OTU_22802	2	0	3	2.5	0.00464037	0.00873482	0.000161873	4.5	0.000161873	2.35863	136	8	0	0	19	-1	0.5
OTU_22899	1	0	17	21	0.00232019	0.16137	0	88.3253	0	32.5316	122	1	-0.843557	0	5	-0.8233	0
OTU_2293	9	0.5	17	7.44444	0.0208817	0.147758	0.000787207	81.3685	0.00116881	180.23	251	5	1.10365	0	6	1.04828	0
OTU_22981	3	0.666667	11	4.33333	0.00696056	0.150682	0.00034533	71.4738	0.00034533	5.07155	187	6	0.226779	0	14	0.588348	0
OTU_23	1	0	13	2	0.00232019	0.126944	0	58.4866	0	1.60321	45	6	-0.982708	0	41	0	0
OTU_23091	2	1	14	9.5	0.00464037	0.174259	0	88.015	0	11.6476	145	4	-0.611632	0.5	2	-0.50985	0
OTU_23115	2	1	18	4.5	0.00464037	0.137976	0	73.9963	0	23.3869	116	11	0	0	12	0	0
OTU_232	13	0.512821	16	22.3846	0.0301624	0.194317	0.000750062	121.009	0.000830862	633566	367	0	0.415052	0	0	0.432946	0
OTU_23319	1	0	15	13	0.00232019	0.169663	0	86.7248	0	34.5009	129	4	-0.611632	0	10	-0.447214	0
OTU_23377	1	0	17	2	0.00232019	0.0784293	0	39.6662	0	1.59438	22	3	-0.80864	0	40	0	0
OTU_238	6	0.333333	19	2.83333	0.0139211	0.068696	0.0043436	39.5247	0.0043436	11.9609	201	9	1.60357	0	8	1.74078	0
OTU_23828	6	0	16	16.8333	0.0139211	0.194115	0.0104947	115.34	0.0108672	6767.41	374	2	0.136024	0.5	1	0.271253	0.277778
OTU_23906	10	0.511111	15	23.2	0.0232019	0.21295	0.00252339	126.501	0.00214707	361917	383	0	-0.261588	0.42	0	0.0997659	0
OTU_240	3	1	19	5	0.00696056	0.0686581	0	38.0247	0	6.7302	72	9	0	0	8	-0.0870388	0
OTU_24061	1	0	15	2	0.00232019	0.0918936	0	45.5376	0	1.60127	25	3	-0.80864	0	51	0	0
OTU_24085	2	0	17	2	0.00464037	0.139681	0.00431662	70.2511	0.00431662	2.35102	186	1	-0.580911	0	26	1.41421	0
OTU_24090	7	0.52381	18	7.28571	0.0162413	0.139368	8.93002e-05	76.9506	9.0784e-05	94.1545	221	5	0.490511	0	6	0.419314	0
OTU_2412	1	0	13	5	0.00232019	0.127247	0	59.2866	0	1.86242	50	6	-0.982708	0	9	-1.33395	0
OTU_242	2	1	15	19	0.00464037	0.191721	0	104.522	0	3616.39	189	4	-0.611632	0.5	10	-0.447214	0.5
OTU_24385	1	0	3	2	0.00232019	0.00348028	0	1.83333	0	1.59061	17	12	-1	0	18	-1	0
OTU_244	7	0.428571	15	8	0.0162413	0.0948368	0.000316983	57.7253	0.000288539	92.9955	204	3	0.712943	0	4	0.7269	0
OTU_24474	1	0	17	11	0.00232019	0.0800103	0	45.6706	0	3.08766	29	3	-0.80864	0	3	-0.692433	0
OTU_245	1	0	17	20	0.00232019	0.151847	0	82.8554	0	358.709	126	0	-0.938227	0	0	-0.899775	0
OTU_24660	1	0	1	1	0.00232019	0.00232019	0	1	0	1.54308	8	22	0	0	38	0	0
OTU_24748	2	1	19	6	0.00464037	0.0686455	0	37.5247	0	4.16726	54	9	-0.534522	0	8	-0.696311	0
OTU_248	1	0	14	3	0.00232019	0.112106	0	51.7469	0	1.67787	33	6	-0.982708	0	9	-1.33395	0
OTU_25138	1	0	17	6	0.00232019	0.148463	0	76.9721	0	4.36505	83	2	-0.521427	0	1	-0.565755	0
OTU_25187	1	0	2	2	0.00232019	0.00309358	0	1.5	0	1.58909	16	13	-0.707107	0	28	-0.707107	0
OTU_25345	3	1	16	11.3333	0.00696056	0.0869062	0	51.9594	0	21.8982	90	3	-0.301446	0	3	0.0168886	0
OTU_25392	1	0	18	5	0.00232019	0.138232	0	71.6752	0	2.14987	57	1	-0.843557	0	17	-1.41421	0
OTU_25900	15	0.542857	15	23.7333	0.0348028	0.210546	0.00634904	128.322	0.00642804	986126	404	0	0.640599	0	0	0.655066	0
OTU_2591	6	0	16	4.5	0.0139211	0.176568	0.00569075	99.3618	0.00646494	765.524	319	2	0.355175	0.277778	1	0.480505	0
OTU_25972	2	1	16	15.5	0.00464037	0.0868859	0	51.4594	0	15.9116	74	3	-0.555043	0	3	-0.337772	0
OTU_25976	1	0	17	4	0.00232019	0.1563	0	82.9233	0	45.2874	119	7	-0.637377	0	16	-1	0
OTU_26	1	0	12	3	0.00232019	0.120741	0	56.4327	0	1.64581	43	6	-0.982708	0	24	-0.707107	0
OTU_26248	12	0.560606	15	25.1667	0.0278422	0.213559	0.00237371	129.906	0.00248037	590373	385	0	0.0767324	0.277778	0	0.0997659	0.277778
OTU_267	4	0.166667	14	7	0.00928074	0.180585	0.00493936	93.9924	0.00506902	76.1811	291	4	0.482867	0.375	2	-0.0546268	0.375
OTU_269	6	0.466667	16	19.8333	0.0139211	0.181199	0.000681967	106.526	0.000803035	72073.7	321	0	-0.374361	0	0	-0.344475	0
OTU_27	12	0.606061	15	26.9167	0.0278422	0.212586	0.000737494	127.756	0.000743102	843570	380	0	0.302279	0	0	0.321886	0
OTU_273	3	0	17	11.6667	0.00696056	0.163134	0.000451619	91.942	0.000519967	110.523	235	1	-0.318265	0	5	-0.441771	0.444444
OTU_277	1	0	16	34	0.00232019	0.176318	0	97.4928	0	8745.87	163	0	-0.938227	0	0	-0.899775	0
OTU_2793	2	0	17	3.5	0.00464037	0.157754	6.55358e-06	84.3943	1.51382e-05	81.3365	191	2	-0.302277	0	1	-0.356503	0
OTU_285	6	0.4	16	10.6667	0.0139211	0.172646	0.000851293	97.6023	0.00100185	227.931	282	1	0.469673	0	2	-0.0546268	0.611111
OTU_292	3	0.333333	17	11.6667	0.00696056	0.162283	0.000150413	90.8253	0.000173924	68.746	226	1	-0.318265	0	5	-0.0602414	0
OTU_2932	3	0.333333	16	25	0.00696056	0.180062	0.00517029	103.852	0.00470319	34921	323	7	-0.637377	0.444444	0	-0.788715	0.444444
OTU_297	10	0.377778	15	17.3	0.0232019	0.205785	0.00772099	120.822	0.00843884	219676	393	0	-0.036041	0.18	0	-0.0112942	0.18
OTU_3	2	0	2	1.5	0.00464037	0.00522042	2.15831e-05	2.5	2.15831e-05	2.22726	128	12	1	0	18	1	0
OTU_30	6	0.333333	14	10.6667	0.0139211	0.202986	0.0151664	111.071	0.0148546	1655.91	370	1	-0.318265	0.5	2	0.400596	0.5
OTU_301	1	0	17	14	0.00232019	0.158559	0	86.7745	0	1393.45	135	0	-0.938227	0	0	-0.899775	0
OTU_302	8	0.428571	16	15.625	0.0185615	0.190351	0.00475159	114.309	0.00475651	118049	369	0	-0.261588	0.21875	0	-0.233414	0.21875
OTU_304	10	0.533333	16	22.2	0.0232019	0.192711	0.000360577	118.626	0.000374033	369599	348	0	0.0767324	0	0	0.0997659	0
OTU_307	1	0	17	11	0.00232019	0.150865	0	79.6408	0	4.94546	85	1	-0.843557	0	2	-0.965073	0
OTU_31	21	0.0904762	16	6.42857	0.0487239	0.19513	0.0385779	122.274	0.0378654	8241.95	406	1	4.40936	0	5	2.61046	0.693878
OTU_310	8	0.0357143	16	5.125	0.0185615	0.183606	0.0131604	106.067	0.0134317	2058.53	351	1	0.469673	0.375	1	0.0620006	0.6875
OTU_312	1	0	16	43	0.00232019	0.184241	0	104.476	0	13817.7	174	0	-0.938227	0	0	-0.899775	0
OTU_3148	2	1	15	28.5	0.00464037	0.196984	0	108.972	0	18293.6	215	0	-0.825454	0	0	-0.788715	0
OTU_32	1	0	20	3	0.00232019	0.107456	0	53.13	0	1.64163	34	10	-0.811107	0	27	-0.707107	0
OTU_329	2	1	18	10	0.00464037	0.138849	0	73.6173	0	13.9271	114	5	-1.04234	0	6	-1.15311	0
OTU_33	6	0	15	4.66667	0.0139211	0.192313	0.0397855	106.299	0.0398916	3343.99	373	4	1.57737	0.277778	11	1.41421	0.666667
OTU_335	11	0.272727	16	21.9091	0.025522	0.205558	0.00843764	128.857	0.00877572	313010	402	1	0.207027	0.578512	0	0.0997659	0.165289
OTU_338	7	0.47619	16	26.1429	0.0162413	0.198346	0.000689128	120.145	0.000619755	254614	350	0	-0.261588	0	0	-0.233414	0
OTU_343	1	0	16	5	0.00232019	0.141967	0	69.8706	0	1.94915	58	4	-0.611632	0	2	-0.965073	0
OTU_3446	1	0	18	6	0.00232019	0.138798	0	72.3121	0	2.21374	61	1	-0.843557	0	7	-0.770934	0
OTU_347	1	0	17	21	0.00232019	0.16137	0	88.3253	0	32.5316	123	1	-0.843557	0	5	-0.8233	0
OTU_349	1	0	20	3	0.00232019	0.107456	0	53.13	0	1.64163	35	10	-0.811107	0	20	-0.57735	0
OTU_35	3	0	11	2.33333	0.00696056	0.138694	0.227475	67.1497	0.227475	3.20293	244	6	-0.377964	0.444444	24	1.41421	0.444444
OTU_350	1	0	15	28	0.00232019	0.19281	0	104.265	0	5593.7	177	0	-0.938227	0	0	-0.899775	0
OTU_354	3	0.333333	15	7.33333	0.00696056	0.094238	0.00861167	53.8182	0.00861167	13.9181	212	3	-0.301446	0	4	-0.925146	0.444444
OTU_363	2	0	14	4	0.00464037	0.101937	0.00431662	53.195	0.00431662	2.70195	176	3	-0.555043	0	15	0.5	0
OTU_3634	43	0.187154	15	15.7209	0.099768	0.231014	0.0621494	157.189	0.0632178	3.95775e+06	429	0	2.78329	0.347215	0	3.54263	0.0897783
OTU_364	3	0	17	3.33333	0.00696056	0.164139	0.0045121	90.1181	0.00455458	498.575	269	15	1.41421	0.444444	30	1.41421	0.444444
OTU_365	1	0	15	4	0.00232019	0.151293	0	74.1891	0	2.02696	69	4	-0.611632	0	2	-0.965073	0
OTU_371	5	0.7	16	18.6	0.0116009	0.191622	0.000113999	111.428	0.0001462	63611.5	320	0	-0.487134	0	0	-0.455535	0
OTU_3754	1	0	17	2	0.00232019	0.155713	0	81.7039	0	12.2093	103	2	-0.521427	0	53	0	0
OTU_38	24	0.112319	15	13.8333	0.0556845	0.228328	0.130436	146.601	0.126439	284185	424	1	2.57084	0.565972	0	0.210826	0.729167
OTU_382	10	0.333333	15	9.6	0.0232019	0.0954434	0.0218245	62.1753	0.0202175	180.779	276	3	1.47373	0	4	0.0660819	0.5
OTU_3822	2	0	16	4	0.00464037	0.159712	0.00861167	82.3368	0.00861167	13.108	235	4	-0.0643823	0	21	-0.707107	0.5
OTU_385	2	1	17	17	0.00464037	0.154873	0	86.9245	0	2594.2	156	0	-0.825454	0	0	-0.788715	0
OTU_388	1	0	14	7	0.00232019	0.101881	0	52.5283	0	2.04414	38	3	-0.80864	0	15	-0.75	0
OTU_3895	1	0	1	1	0.00232019	0.00232019	0	1	0	1.54308	3	19	0	0	39	0	0
OTU_390	1	0	15	13	0.00232019	0.169663	0	86.7248	0	34.5009	131	4	-0.611632	0	10	-0.447214	0
OTU_394	1	0	17	15	0.00232019	0.158964	0	85.4896	0	12.751	112	1	-0.843557	0	7	-0.770934	0
OTU_4	13	0.0769231	14	5.30769	0.0301624	0.207386	0.0398836	116.861	0.0405507	10030	407	4	3.76636	0.473373	10	2.23607	0.674556
OTU_40	8	0.107143	13	4	0.0185615	0.183606	0.0407615	95.4194	0.0429219	34.7754	342	4	2.67186	0.21875	2	1.76627	0.21875
OTU_402	4	0.833333	15	33.75	0.00928074	0.204544	9.56365e-06	116.706	6.81572e-06	146616	317	0	-0.599908	0	0	-0.566595	0
OTU_403	3	1	16	32.6667	0.00696056	0.187954	0	110.126	0	78115.1	220	0	-0.712681	0	0	-0.677655	0
OTU_405	4	0.666667	16	27.75	0.00928074	0.193611	5.89483e-05	114.112	5.50491e-05	87218.9	316	0	-0.599908	0	0	-0.566595	0
OTU_407	1	0	17	9	0.00232019	0.154808	0	81.655	0	5.86329	94	1	-0.843557	0	5	-0.8233	0
OTU_41	2	1	13	4.5	0.00464037	0.127377	0	60.0366	0	3.472	81	6	-0.377964	0	9	-0.485071	0
OTU_415	2	0	16	28.5	0.00464037	0.189385	8.11212e-05	109.212	8.16112e-05	5155.83	266	2	-0.521427	0.5	1	-0.565755	0.5
OTU_416	3	0.666667	15	20.6667	0.00696056	0.197088	0.000111911	109.472	0.000156038	22325.9	303	0	-0.712681	0	0	-0.677655	0
OTU_4163	2	0	16	2	0.00464037	0.0856296	0.00431662	45.6154	0.00431662	2.45519	169	3	-0.555043	0	40	0	0.5
OTU_42	9	0.277778	16	10	0.0208817	0.189577	0.00833551	112.6	0.00816464	2376.59	358	1	1.25761	0	17	0	0.839506
OTU_420	2	0	17	12.5	0.00464037	0.158357	0.00029617	87.4122	0.000319952	46.6748	214	2	-0.521427	0.5	1	-0.356503	0
OTU_423	3	1	19	5	0.00696056	0.0686581	0	38.0247	0	6.7302	72	9	0	0	8	-0.0870388	0
OTU_4247	11	0.163636	14	6.63636	0.025522	0.203318	0.0401441	113.321	0.0417056	1512.05	394	1	-0.0556192	0.46281	2	3.13194	0.165289
OTU_43	6	0.133333	17	5.33333	0.0139211	0.163063	0.0383112	92.1467	0.0383663	73.0231	318	1	0.207027	0.277778	7	1.13805	0.277778
OTU_433	4	0	15	12.5	0.00928074	0.198451	0.0218944	111.715	0.0227281	6192.34	372	1	-0.318265	0.375	2	-0.965073	0.75
OTU_435	1	0	17	15	0.00232019	0.166112	0	91.7967	0	416.373	140	1	-0.843557	0	0	-0.899775	0
OTU_438	6	0.533333	15	10.8333	0.0139211	0.0950059	0.000180149	58.642	0.000178782	86.0822	198	3	0.459346	0	4	-0.264327	0.444444
OTU_44	2	0	17	1.5	0.00464037	0.136462	0.00431662	67.813	0.00431662	2.26966	183	4	-0.0643823	0	21	1.41421	0
OTU_440	1	0	17	15	0.00232019	0.158964	0	85.4896	0	12.751	113	1	-0.843557	0	7	-0.770934	0
OTU_441	2	0	16	24.5	0.00464037	0.188428	4.20398e-05	107.562	5.37589e-05	13206.6	265	2	-0.521427	0.5	1	-0.565755	0.5
OTU_443	4	0	16	13.75	0.00928074	0.187765	0.0114963	109.369	0.0115667	13877.7	352	7	0	0.625	16	1	0.625
OTU_444	6	0.333333	16	12.3333	0.0139211	0.189577	0.00238223	110.207	0.00284079	14371.1	339	1	0.207027	0.277778	0	-0.455535	0.277778
OTU_449	1	0	20	3	0.00232019	0.107456	0	53.13	0	1.64163	37	10	-0.811107	0	20	-0.57735	0
OTU_45	3	0.333333	16	5	0.00696056	0.0862233	0.00196943	48.7689	0.00197256	6.63275	177	3	-0.301446	0	3	0.0168886	0
OTU_4524	1	0	15	32	0.00232019	0.189289	0	102.082	0	6532.9	173	0	-0.938227	0	0	-0.899775	0
OTU_462	2	1	19	6	0.00464037	0.0686455	0	37.5247	0	4.16726	54	9	-0.534522	0	8	-0.696311	0
OTU_464	3	0.666667	16	11.6667	0.00696056	0.0871294	3.91194e-05	52.9928	4.14276e-05	19.2442	170	3	-0.301446	0	3	0.0168886	0
OTU_465	21	0.438095	15	24	0.0487239	0.221549	0.010324	140.622	0.00988014	1.99695e+06	418	0	1.20447	0.0907029	0	1.21037	0.0907029
OTU_468	4	0.333333	16	14.75	0.00928074	0.187859	0.000580227	107.607	0.000770393	8382.01	306	1	-0.0556192	0	0	-0.677655	0.375
OTU_4687	2	0	17	13	0.00464037	0.170594	0.000110992	95.711	0.000130194	779.583	233	1	-0.580911	0	25	-0.707107	0.5
OTU_47	4	0.166667	16	12.25	0.00928074	0.176484	0.00862246	99.519	0.00862246	18923.7	335	14	1.41421	0.5	31	1.41421	0.5
OTU_473	2	1	14	9.5	0.00464037	0.174259	0	88.015	0	11.6476	145	4	-0.611632	0.5	2	-0.50985	0
OTU_478	2	0	17	2.5	0.00464037	0.141913	3.23747e-05	72.1781	3.23747e-05	2.53419	161	1	-0.580911	0	35	0	0.5
OTU_482	3	0.333333	13	3	0.00696056	0.127421	0.00431662	60.5366	0.00431662	4.20415	192	6	0.226779	0	9	0.363803	0
OTU_483	8	0	16	14.375	0.0185615	0.191918	0.00607605	115.128	0.00598932	9601.08	365	2	0.793476	0.21875	1	0.689757	0.21875
OTU_487	4	0.5	14	8.25	0.00928074	0.103035	0.00248183	57.6652	0.00273281	24.4679	208	3	-0.0478485	0	4	-0.594737	0.375
OTU_49	14	0.384615	16	16.8571	0.0324826	0.191033	0.0085977	118.793	0.00852432	441499	390	0	0.527826	0	0	0.544006	0
OTU_495	1	0	16	34	0.00232019	0.176318	0	97.4928	0	8745.87	165	0	-0.938227	0	0	-0.899775	0
OTU_496	1	0	18	12	0.00232019	0.141967	0	77.1482	0	145.954	111	0	-0.938227	0	0	-0.899775	0
OTU_5	7	0.285714	16	13.8571	0.0162413	0.194519	0.0457313	115.678	0.0440979	36043	398	5	-0.429198	0.489796	6	-0.524142	0.489796
OTU_50	8	0.321429	17	6.5	0.0185615	0.147875	0.0130884	81.3685	0.0131354	99.4765	289	5	0.797081	0	6	0.104828	0.375
OTU_501	2	0	16	6.5	0.00464037	0.169355	0.000571289	90.3285	0.000903895	761.929	238	15	-0.707107	0.5	30	-0.707107	0.5
OTU_504	3	0	16	18.6667	0.00696056	0.187859	0.00165759	108.062	0.00178738	3565.36	300	2	-0.0831261	0	1	-0.147251	0
OTU_5062	1	0	16	6	0.00232019	0.159439	0	81.4202	0	12.3413	110	4	-0.611632	0	11	-0.707107	0
OTU_507	1	0	17	25	0.00232019	0.168818	0	94.1991	0	329.116	143	2	-0.521427	0	1	-0.565755	0
OTU_508	1	0	17	17	0.00232019	0.15253	0	81.3503	0	18.6466	101	2	-0.521427	0	1	-0.565755	0
OTU_511	6	0.666667	16	26.5	0.0139211	0.182439	0.000894786	108.526	0.000852915	137063	328	0	-0.374361	0	0	-0.344475	0
OTU_514	5	0.7	15	11	0.0116009	0.0948368	0.00112309	57.742	0.00127462	60.8986	207	3	0.205749	0	4	-0.264327	0.32
OTU_5155	10	0.244444	15	15.3	0.0232019	0.211862	0.00831934	126.468	0.00886099	65770.8	396	1	0.732319	0.46	0	-0.233414	0.46
OTU_527	4	0.333333	13	18.75	0.00928074	0.216912	0.211525	114.963	0.209557	39796.3	400	0	-0.712681	0.375	0	-0.677655	0.375
OTU_529	2	1	16	17	0.00464037	0.0870481	0	52.3928	0	20.0324	79	3	-0.555043	0	3	-0.692433	0.5
OTU_53	43	0.223699	15	16.4186	0.099768	0.229593	0.0777491	156.056	0.0742363	4.40119e+06	431	0	3.34716	0.174148	0	3.54263	0.0897783
OTU_540	1	0	16	5	0.00232019	0.141967	0	69.8706	0	1.94915	58	4	-0.611632	0	2	-0.965073	0
OTU_543	8	0.428571	15	19	0.0185615	0.206583	0.00110633	120.056	0.00132669	182861	363	0	-0.148814	0	0	-0.122354	0
OTU_544	5	0.2	15	4.4	0.0116009	0.167454	0.00863337	87.3808	0.00863347	28.8723	284	4	1.03012	0.32	2	0.85582	0
OTU_55	8	0.357143	15	8.125	0.0185615	0.095127	0.0173705	59.4253	0.0153414	110.045	258	3	0.96654	0	4	0.7269	0.21875
OTU_5625	1	0	18	2	0.00232019	0.126043	0	62.3149	0	1.60296	49	2	-0.521427	0	47	0	0
OTU_5678	2	0	17	8.5	0.00464037	0.0802513	0.0297631	47.7206	0.0297631	4.25536	198	9	-1.06904	0.5	3	-0.692433	0.5
OTU_5730	6	0.466667	15	11.1667	0.0139211	0.0951028	0.0020461	59.142	0.00167578	90.0793	218	3	0.459346	0	4	0.0660819	0.277778
OTU_576	6	0.466667	14	10.6667	0.0139211	0.104244	0.0732509	63.039	0.0778966	72.8854	274	3	0.459346	0	4	-0.594737	0.611111
OTU_5766	3	0.333333	5	2.33333	0.00696056	0.00781536	7.55409e-05	4.78333	7.55409e-05	3.65319	150	8	1.22474	0	13	1.11803	0
OTU_578	2	1	16	16	0.00464037	0.0871091	0	52.4928	0	14.7212	78	3	-0.555043	0	3	-0.337772	0
OTU_579	1	0	17	11	0.00232019	0.168437	0	92.9324	0	985.266	149	1	-0.843557	0	0	-0.899775	0
OTU_58	26	0.304615	15	16.3077	0.0603248	0.210784	0.00715868	132.606	0.00805978	1.83211e+06	409	0	1.76833	0.0739645	0	1.87673	0
OTU_584	16	0.383333	15	20	0.037123	0.210072	0.00209996	127.839	0.00219825	882382	386	0	0.753372	0	0	0.766127	0
OTU_5886	6	0.6	17	7.83333	0.0139211	0.147466	0.000304921	79.5352	0.000423193	97.4025	230	5	0.183942	0	6	0.104828	0
OTU_59	5	0.1	13	3.2	0.0116009	0.112784	0.0361086	60.0536	0.0359834	8.81994	247	3	0.205749	0	32	1.41421	0.64
OTU_597	10	0.466667	17	7.6	0.0232019	0.162849	0.0061157	93.5158	0.00612451	426.649	310	5	1.41022	0	6	1.36277	0
OTU_6	1	0	1	1	0.00232019	0.00232019	0	1	0	1.54308	14	18	0	0	36	0	0
OTU_60	32	0.197581	14	15.4375	0.0742459	0.237485	0.119456	148.628	0.118421	2.07839e+06	428	0	1.99388	0.271484	0	2.43203	0.0605469
OTU_604	11	0.527273	14	24.4545	0.025522	0.217925	0.0249961	125.35	0.027045	595314	412	0	0.189506	0	0	0.210826	0
OTU_608	3	0	16	24.6667	0.00696056	0.188428	0.00210784	108.812	0.00211409	5762.83	309	2	-0.0831261	0	1	-0.147251	0
OTU_61	32	0.28629	15	17.2812	0.0742459	0.216158	0.0311952	139.606	0.0291254	2.78864e+06	421	0	2.21943	0.175781	0	2.43203	0.0605469
OTU_62	1	0	1	1	0.00232019	0.00232019	0	1	0	1.54308	7	16	0	0	52	0	0
OTU_622	3	0	16	27.6667	0.00696056	0.194418	0.00274426	114.84	0.0033051	4279.34	325	1	-0.580911	0.444444	7	-0.770934	0.666667
OTU_623	3	1	17	11.6667	0.00696056	0.152281	0	84.5221	0	1079.37	158	0	-0.712681	0	0	-0.677655	0
OTU_628	1	0	18	7	0.00232019	0.141268	0	74.3312	0	2.4504	66	1	-0.843557	0	5	-0.8233	0
OTU_630	1	0	19	2	0.00232019	0.124529	0	62.8012	0	1.59763	48	2	-0.521427	0	45	0	0
OTU_635	1	0	1	1	0.00232019	0.00232019	0	1	0	1.54308	1	17	0	0	50	0	0
OTU_644	1	0	17	4	0.00232019	0.149594	0	78.3388	0	29.4789	98	7	-0.637377	0	46	0	0
OTU_6522	2	1	16	22.5	0.00464037	0.186079	0	105.55	0	1248.35	181	1	-0.580911	0	5	-0.8233	0.5
OTU_6597	1	0	17	15	0.00232019	0.166112	0	91.7967	0	416.373	139	1	-0.843557	0	0	-0.899775	0
OTU_66	5	0.4	16	9.8	0.0116009	0.171299	0.000813169	95.619	0.000812644	122.227	270	1	0.207027	0	2	-0.50985	0.72
OTU_6608	3	1	16	23	0.00696056	0.188428	0	108.545	0	30830.4	216	1	-0.580911	0.444444	0	-0.677655	0
OTU_664	2	0	16	27	0.00464037	0.178768	0.000158703	101.543	0.000191979	12605.3	256	0	-0.825454	0	0	-0.788715	0
OTU_67	2	0	17	10	0.00464037	0.170906	0.000107734	95.9324	0.000115485	543.836	232	1	-0.580911	0	23	-0.707107	0.5
OTU_677	16	0.6	16	24.25	0.037123	0.195028	0.000338638	123.259	0.000343001	1.26484e+06	364	0	0.753372	0	0	0.766127	0
OTU_68	18	0.418301	15	20.6111	0.0417633	0.210665	0.00525165	129.456	0.00451831	1.22979e+06	403	0	0.978919	0	0	0.988247	0
OTU_681	1	0	14	5	0.00232019	0.100617	0	49.9847	0	1.82549	31	3	-0.80864	0	32	-0.707107	0
OTU_683	1	0	16	47	0.00232019	0.186731	0	106.012	0	3289.99	172	2	-0.521427	0	1	-0.565755	0
OTU_685	6	0	16	19.6667	0.0139211	0.193711	0.00451527	115.928	0.00452336	12626.4	356	2	0.355175	0.277778	1	0.271253	0.277778
OTU_689	4	0.833333	16	18.5	0.00928074	0.17817	0.000126178	102.512	0.000275481	18968.3	286	0	-0.599908	0	0	-0.566595	0
OTU_695	7	0.142857	17	6.85714	0.0162413	0.16186	0.0133295	95.0578	0.0135397	5620.59	332	11	1.82574	0.489796	12	1.82574	0.489796
OTU_7	3	0	19	1.66667	0.00696056	0.121448	0.00862246	62.6961	0.00862246	3.03891	211	10	1.45999	0	20	1.73205	0
OTU_70	14	0.351648	16	15.3571	0.0324826	0.183336	0.00975701	112.826	0.00827635	325306	384	0	0.415052	0.132653	0	0.432946	0.132653
OTU_7063	3	0.666667	17	7.66667	0.00696056	0.16172	2.15831e-06	88.5158	2.15831e-06	198.428	217	5	-0.735767	0	6	-0.838628	0
OTU_713	5	0.8	16	21.8	0.0116009	0.179888	1.62699e-05	104.343	1.67485e-05	83094.5	285	0	-0.487134	0	0	-0.455535	0
OTU_715	1	0	16	13	0.00232019	0.0864631	0	48.7356	0	5.25167	42	3	-0.80864	0	4	-1.25556	0
OTU_716	1	0	18	2	0.00232019	0.121488	0	58.9859	0	1.59251	44	1	-0.843557	0	26	-0.707107	0
OTU_72	1	0	1	1	0.00232019	0.00232019	0	1	0	1.54308	11	22	0	0	38	0	0
OTU_721	1	0	17	17	0.00232019	0.15253	0	81.3503	0	18.6466	100	2	-0.521427	0	1	-0.565755	0
OTU_724	1	0	18	7	0.00232019	0.137925	0	73.4963	0	19.8959	80	11	-0.912871	0	12	-0.912871	0
OTU_732	1	0	16	13	0.00232019	0.0864631	0	48.7356	0	5.25167	41	3	-0.80864	0	4	-1.25556	0
OTU_740	2	0	14	4	0.00464037	0.101937	0.00431662	53.195	0.00431662	2.70195	175	3	-0.555043	0	51	0	0.5
OTU_741	3	1	15	31	0.00696056	0.200477	0	112.472	0	55433.3	229	0	-0.712681	0	0	-0.677655	0
OTU_7456	16	0.191667	15	15.875	0.037123	0.217038	0.0373888	133.901	0.0381379	263088	420	1	1.52026	0.507812	0	0.321886	0.414062
OTU_75	15	0.380952	15	16.4667	0.0348028	0.20037	0.00474909	120.42	0.00577713	590075	391	0	0.527826	0.124444	0	0.544006	0.124444
OTU_758	8	0.642857	15	30.375	0.0185615	0.2096	0.000440948	123.956	0.000525083	447315	359	0	-0.148814	0	0	-0.122354	0
OTU_761	7	0	17	3	0.0162413	0.163995	0.0140474	93.3681	0.0142251	596.32	324	7	3.18689	0	16	1	0.816327
OTU_774	2	0	16	32	0.00464037	0.187954	0.000424618	108.012	0.000369842	3745.96	274	2	-0.302277	0	1	-0.356503	0
OTU_776	1	0	1	1	0.00232019	0.00232019	0	1	0	1.54308	9	20	0	0	43	0	0
OTU_7888	7	0.0952381	16	6.42857	0.0162413	0.181551	0.0054847	104.005	0.00594414	1797.83	330	1	0.732319	0	25	1.41421	0.734694
OTU_7905	1	0	17	3	0.00232019	0.155843	0	81.9539	0	12.3295	106	2	-0.521427	0	29	-0.707107	0
OTU_797	1	0	18	6	0.00232019	0.138798	0	72.3121	0	2.21374	62	1	-0.843557	0	7	-0.770934	0
OTU_799	47	0.0481036	15	9.44681	0.109049	0.233472	0.157241	159.418	0.152668	1.03967e+06	432	2	5.39564	0.557718	1	5.08405	0.541421
OTU_8043	1	0	18	3	0.00232019	0.139577	0	71.7847	0	3.20629	65	15	-0.707107	0	30	-0.707107	0
OTU_807	3	1	16	28.3333	0.00696056	0.178085	0	101.862	0	43813.2	202	0	-0.712681	0	0	-0.677655	0
OTU_81	34	0.235294	15	16.1471	0.0788863	0.217417	0.0399213	141.206	0.0372495	2.78383e+06	425	0	2.78329	0	0	2.76521	0
OTU_8100	3	1	18	9.66667	0.00696056	0.139005	0	74.4506	0	30.0934	132	5	-0.735767	0	6	-0.838628	0
OTU_8145	2	0	16	26.5	0.00464037	0.18767	0.000586836	107.395	0.000658578	3472.39	279	2	-0.302277	0	1	-0.356503	0
OTU_8148	1	0	16	2	0.00232019	0.143661	0	70.3821	0	1.72038	60	4	-0.611632	0	33	0	0
OTU_817	2	0	16	27	0.00464037	0.187105	0.000415616	106.928	0.000442481	3553.38	268	2	-0.302277	0	1	-0.356503	0
OTU_8325	1	0	1	1	0.00232019	0.00232019	0	1	0	1.54308	4	21	0	0	34	0	0
OTU_8377	1	0	16	36	0.00232019	0.176151	0	98.0118	0	8448.63	167	0	-0.938227	0	0	-0.899775	0
OTU_8379	7	0	16	15.2857	0.0162413	0.191033	0.00805809	113.695	0.00796745	7287.34	362	2	0.793476	0	1	0.689757	0
OTU_84	1	0	18	4	0.00232019	0.143275	0	74.9086	0	4.39819	74	1	-0.843557	0	22	-0.707107	0
OTU_841	4	0.333333	16	13.75	0.00928074	0.188619	0.000653189	108.124	0.000605424	5138.76	305	1	-0.0556192	0	0	-0.566595	0
OTU_842	1	0	17	9	0.00232019	0.154808	0	81.655	0	5.86329	92	1	-0.843557	0	5	-0.8233	0
OTU_8598	5	0.4	16	8.4	0.0116009	0.177746	0.00151893	99.9928	0.00194497	466.408	290	1	0.207027	0	17	0	0.72
OTU_88	2	0	12	4.5	0.00464037	0.146943	0.00431662	69.5161	0.00431662	2.7243	187	6	-0.377964	0	41	0	0.5
OTU_886	3	0.666667	16	8	0.00696056	0.0869062	7.01237e-06	51.2428	9.69528e-06	15.0677	157	3	-0.301446	0	3	-0.337772	0.444444
OTU_8875	1	0	18	8	0.00232019	0.127639	0	64.9633	0	3.17375	56	5	-1.34891	0	6	-1.4676	0
OTU_89	1	0	14	5	0.00232019	0.100617	0	49.9847	0	1.82549	31	3	-0.80864	0	32	-0.707107	0
OTU_891	3	0	16	26	0.00696056	0.188619	0.000648984	109.062	0.000642064	6001.45	298	2	-0.0831261	0	1	-0.147251	0
OTU_892	25	0.01	16	6.76	0.0580046	0.206126	0.0349798	133.54	0.0363763	102027	417	2	3.20413	0.4416	1	3.20078	0.3808
OTU_8971	1	0	18	4	0.00232019	0.145624	0	76.8109	0	3.73195	76	7	-0.637377	0	44	0	0
OTU_911	3	0	16	29.6667	0.00696056	0.189481	0.000613571	110.145	0.000496308	6282.81	300	2	-0.0831261	0	1	-0.147251	0
OTU_9189	1	0	14	7	0.00232019	0.101881	0	52.5283	0	2.04414	38	3	-0.80864	0	15	-0.75	0
OTU_924	6	0.0666667	16	14	0.0139211	0.190936	0.00172509	112.528	0.00195996	47295	341	0	-0.599908	0.444444	0	-0.566595	0.444444
OTU_93	4	0.333333	17	6	0.00928074	0.169278	0.00435649	95.5658	0.00443113	816.52	291	1	-0.0556192	0	22	1.41421	0.5
OTU_940	4	0	17	5.5	0.00928074	0.172566	0.00736424	98.7491	0.00793753	642.599	308	7	0	0.625	44	0	0.75
OTU_944	7	0.571429	18	7.85714	0.0162413	0.139212	3.52524e-05	76.4506	3.50726e-05	113.752	218	5	0.490511	0	6	0.419314	0
OTU_958	19	0.450292	15	22.2632	0.0440835	0.214049	0.00393769	132.639	0.00416799	1.56573e+06	399	0	1.09169	0	0	1.09931	0
OTU_96	1	0	20	3	0.00232019	0.107456	0	53.13	0	1.64163	35	10	-0.811107	0	27	-0.707107	0
OTU_9679	1	0	18	2	0.00232019	0.119045	0	57.3177	0	1.59086	40	4	-0.611632	0	21	-0.707107	0
OTU_9746	1	0	2	2	0.00232019	0.00309358	0	1.5	0	1.58909	15	13	-0.707107	0	28	-0.707107	0
OTU_9779	3	0	16	24	0.00696056	0.190157	0.00166928	110.662	0.00172308	4066.91	311	2	-0.302277	0.444444	1	-0.147251	0
OTU_98	6	0.333333	18	3	0.0139211	0.0740695	0.025603	43.7793	0.025603	12.0605	228	9	1.60357	0	8	1.1315	0.277778
OTU_983	1	0	16	25	0.00232019	0.182797	0	100.945	0	2968.42	167	0	-0.938227	0	0	-0.899775	0
OTU_985	3	0.333333	17	14	0.00696056	0.164792	0.000234136	93.3372	0.000249711	95.1504	234	1	-0.318265	0	5	-0.441771	0.444444
OTU_9905	3	0	16	2.66667	0.00696056	0.159712	0.00862246	82.7535	0.00862246	13.8783	250	4	0.482867	0	11	1.41421	0
OTU_9957	7	0.238095	16	21.5714	0.0162413	0.198557	0.0115571	119.89	0.0117243	135675	387	0	-0.599908	0.571429	0	-0.344475	0.244898
OTU_999	10	0.755556	15	27.8	0.0232019	0.210784	0.000239895	124.839	0.000218602	602305	361	0	0.0767324	0	0	0.0997659	0
OTU_9994	3	0	17	4.33333	0.00696056	0.161231	0.00200593	88.092	0.0019987	43.624	240	7	0	0.444444	48	0	0.666667
