ID	"node.degree"	"node.betw"	"node.stress"	"node.evcent"	"Clustering.Coefficient"	No. module	Zi	Pi	Role	Flag	Taxonomy	Abundance	Top?
OTU_1	15	53.7880952380952	129	1.5095703636075e-10	0.371428571428571	4	2.3369675485198	0	0	0	Firmicutes	91671	1
OTU_2	3	0.5	1	1.79251275646926e-58	0.666666666666667	10	1	0	0	-1	Verrucomicrobia	114143	1
OTU_3	1	0	0	3.5495143750657e-83	0	16	0	0	0	-1	Acidobacteria	65806	1
OTU_4	3	0.5	1	1.79251275646926e-58	0.666666666666667	11	1	0	0	0	Proteobacteria	47420	1
OTU_5	8	12.4	38	9.31791678220952e-11	0.535714285714286	4	0.572786163852892	0	0	0	Firmicutes	43797	1
OTU_6	2	0	0	9.99099476055758e-69	1	13	0	0	0	-1	Cyanobacteria/Chloroplast	34456	1
OTU_7	2	950	4180	6.06282427794199e-05	0	7	-1.33630620956212	0.5	0	-1	Acidobacteria	25024	1
OTU_12	2	1	1	7.09902875013141e-83	0	16	0	0	0	-1	Crenarchaeota	14120	1
OTU_13	8	1298.30741684748	7448	0.0135645371125241	0.321428571428571	0	1.48209654526671	0	0	0	Actinobacteria	15399	1
OTU_14	11	2405.54657213829	7324	0.00336059570550972	0.2	1	2.27362730180033	0	0	-1	Acidobacteria	8022	1
OTU_15	2	0	0	1.39955166843014e-58	1	11	-1	0	0	0	Proteobacteria	9824	1
OTU_19	2	0	0	9.99099476055758e-69	1	13	0	0	0	-1	Unclassified	11076	1
OTU_21	22	8306.13793360436	25266	0.0172425555836924	0.112554112554113	1	4.6461079645485	0.235537190082645	2	-1	Acidobacteria	16751	1
OTU_23	2	194	1433	1.83466929859903e-05	0	0	-0.411693484796309	0	0	-1	Actinobacteria	7663	1
OTU_25	1	0	0	0.00530868937734937	0	2	-0.822777183390575	0	0	0	Proteobacteria	4599	0
OTU_26	1	0	0	0.00180703292808271	0	0	-0.72732515647348	0	0	0	Proteobacteria	8030	1
OTU_31	5	957	2022	0.00411767227662113	0.1	0	0.535201530235202	0	0	-1	Acidobacteria	16711	1
OTU_32	4	206.079166666667	460	0.00231662810072654	0.333333333333333	1	0.197706721895681	0	0	-1	Proteobacteria	18121	1
OTU_35	18	3260.79980117846	9689	0.0184284411782963	0.0915032679738562	0	4.00714991868408	0.197530864197531	2	0	Proteobacteria	7581	1
OTU_36	1	0	0	0.00752905369089273	0	2	-0.822777183390575	0	0	0	Proteobacteria	7357	1
OTU_38	2	194	519	1.353656445141e-07	0	3	0	0	0	0	Nitrospira	6794	1
OTU_39	1	0	0	1.30342967703644e-77	0	8	-1	0	0	-1	Acidobacteria	11289	1
OTU_40	3	194	733	0.000671105462393001	0.333333333333333	0	-0.0960618131191388	0	0	0	Actinobacteria	8705	1
OTU_41	3	386	2864	0.000185303800726489	0.333333333333333	0	-0.0960618131191388	0	0	-1	Actinobacteria	9134	1
OTU_42	3	0	0	7.53075407572813e-07	1	7	0.267261241912425	0	0	-1	Acidobacteria	11113	1
OTU_43	3	194	407	0.000452050511516733	0.333333333333333	0	-0.0960618131191388	0	0	-1	Unclassified	5861	1
OTU_44	1	0	0	1.30342967703644e-77	0	8	-1	0	0	-1	Unclassified	7030	1
OTU_45	1	0	0	2.52208165467899e-97	0	18	0	0	0	0	Proteobacteria	6194	0
OTU_47	4	195.666666666667	497	8.0989715162832e-06	0.333333333333333	6	0.917662935482247	0	0	-1	Actinobacteria	6115	1
OTU_49	3	74.9119047619048	309	0.00192968837989437	0.333333333333333	1	-0.0988533609478406	0	0	-1	Proteobacteria	6800	1
OTU_50	9	57.7333333333333	147	8.64263505915049e-11	0.333333333333333	4	0.824812075948165	0	0	-1	Firmicutes	4627	1
OTU_53	4	9.60952380952381	39	1.77740822007e-05	0.666666666666667	6	0.917662935482247	0	0	-1	Unclassified	2810	1
OTU_55	5	196.264038604192	993	0.122085658584644	0.7	2	-0.0863052989570533	0	0	0	Proteobacteria	3199	0
OTU_58	4	364.501985370951	2353	0.000109137758209443	0.333333333333333	6	0.114707866935281	0.375	0	-1	Unclassified	4984	1
OTU_59	8	4.75870518370518	41	0.180076730760597	0.892857142857143	2	0.466048614368088	0	0	0	Actinobacteria	3815	0
OTU_61	5	614.07420510524	1795	5.07877814319742e-05	0.2	6	0.917662935482247	0.32	0	-1	Actinobacteria	4801	0
OTU_70	2	194	406	0.000332728294925919	0	1	-0.395413443791362	0	0	-1	Actinobacteria	2453	0
OTU_72	1	0	0	0.00016904000760321	0	1	-0.691973526634884	0	0	1	Crenarchaeota	2512	1
OTU_73	3	222.87518037518	532	0.00662070120271122	0	0	-0.0960618131191388	0	0	-1	Proteobacteria	6342	0
OTU_75	3	7.94285714285714	34	1.32387205427785e-05	0.666666666666667	6	0.114707866935281	0	0	-1	Actinobacteria	5421	0
OTU_80	1	0	0	3.5495143750657e-83	0	15	0	0	0	-1	Actinobacteria	5833	0
OTU_81	4	958.764681295716	2616	0.000377951874972788	0	1	-0.0988533609478406	0.375	0	0	Actinobacteria	6461	1
OTU_87	2	1	1	7.09902875013141e-83	0	15	0	0	0	1	Actinobacteria	6189	1
OTU_88	3	194	714	0.00034647135441111	0.333333333333333	0	-0.0960618131191388	0	0	0	Actinobacteria	7941	1
OTU_89	16	4820.1288901346	21039	0.206694242027477	0.216666666666667	2	1.57075644101837	0.21875	0	0	Actinobacteria	7671	1
OTU_96	2	30.3333333333333	65	0.00031361518776495	0	1	-0.395413443791362	0	0	-1	Acidobacteria	2262	0
OTU_97	2	2	2	2.10899351939026e-77	0	8	1	0	0	-1	Unclassified	2277	1
OTU_98	13	362.660725235003	1668	0.149856802442042	0.320512820512821	2	1.38663846990999	0	0	0	Proteobacteria	7914	1
OTU_102	13	1152.39212024314	3832	0.00376226112478911	0.179487179487179	1	2.86674746748737	0	2	-1	Acidobacteria	1928	0
OTU_106	6	286.95	2147	0.000966664118566008	0.666666666666667	0	0.850833201912372	0	0	0	Actinobacteria	4217	0
OTU_108	5	601.920249762337	2975	0.00247590329063894	0.5	1	0.494266804739203	0	0	-1	Acidobacteria	2008	0
OTU_110	15	403.647548697806	2408	0.272779526006321	0.419047619047619	2	1.75487441212675	0	0	0	Actinobacteria	4792	0
OTU_111	2	0	0	1.33120540031574e-05	1	3	0	0	0	-1	Proteobacteria	5542	0
OTU_112	19	1099.27940524407	5682	0.329549464474326	0.304093567251462	2	2.49134629656027	0	0	0	Actinobacteria	3608	0
OTU_115	5	1690.5	4629	0.000122085067641134	0.1	3	1.61245154965971	0.32	0	-1	Proteobacteria	2747	0
OTU_117	22	990.363454056525	5646	0.212861481409662	0.151515151515152	2	3.04370020988541	0	2	0	Proteobacteria	4707	0
OTU_120	3	194	345	0.00211048145134267	0.333333333333333	0	-0.0960618131191388	0	0	1	Crenarchaeota	2665	1
OTU_121	17	3640.44166360572	14468	0.300508419419736	0.382352941176471	2	1.93899238323513	0.110726643598616	0	0	Proteobacteria	1972	0
OTU_123	1	0	0	4.4326601016554e-05	0	0	-0.72732515647348	0	0	-1	Unclassified	2410	1
OTU_126	7	1383.45952380952	6014	0.000612130342651427	0.0476190476190476	1	0.790826887582724	0.244897959183674	0	-1	Acidobacteria	2808	0
OTU_128	13	5901.65758281705	22909	0.0639822018848743	0.141025641025641	0	2.11335988862105	0.378698224852071	0	0	Proteobacteria	4167	0
OTU_131	11	769.987662337663	4059	0.00259465215632399	0.272727272727273	0	2.42899156029822	0	0	0	Actinobacteria	9113	1
OTU_135	6	5.59047619047619	26	7.82126577032089e-11	0.733333333333333	4	0.068734339662347	0	0	-1	Firmicutes	2434	0
OTU_136	10	30.9190642690643	218	0.202292043439358	0.688888888888889	2	0.834284556584848	0	0	0	Actinobacteria	1499	0
OTU_137	1	0	0	3.5495143750657e-83	0	14	0	0	0	-1	Acidobacteria	2726	0
OTU_138	2	0	0	0.00533928509954574	1	2	-0.638659212282194	0	0	0	Proteobacteria	1902	0
OTU_139	2	0	0	0.00187456232558584	1	1	-0.395413443791362	0	0	-1	Acidobacteria	1609	0
OTU_140	5	2787.44761904762	7612	0.00101913624265271	0.1	1	-0.0988533609478406	0.56	0	0	Bacteroidetes	5430	1
OTU_141	25	2056.51435683751	9032	0.339643794169352	0.206666666666667	2	3.59605412321055	0	2	0	Proteobacteria	6967	1
OTU_143	9	397.629700854701	1921	0.107650491904761	0.305555555555556	2	0.650166585476468	0	0	0	Actinobacteria	2120	0
OTU_144	1	0	0	3.8031734403701e-05	0	1	-0.691973526634884	0	0	-1	Acidobacteria	1482	0
OTU_147	1	0	0	0.000254423140733192	0	0	-0.72732515647348	0	0	0	Gemmatimonadetes	1571	1
OTU_148	1	0	0	1.340789851166e-06	0	3	-0.806225774829855	0	0	-1	Unclassified	1861	0
OTU_150	1	0	0	3.5495143750657e-83	0	16	0	0	0	-1	Acidobacteria	2115	0
OTU_151	1	0	0	2.52208165467899e-97	0	29	0	0	0	-1	Unclassified	2169	0
OTU_161	1	0	0	2.85261990586348e-05	0	1	-0.691973526634884	0	0	0	Actinobacteria	3669	0
OTU_167	11	4440.11105304019	16690	0.0402850759263878	0.236363636363636	0	1.16646487358954	0.528925619834711	0	0	Actinobacteria	2870	0
OTU_170	3	225.073052235488	500	0.000234266404365399	0	3	0	0.444444444444444	0	-1	Acidobacteria	2546	0
OTU_175	1	0	0	1.29341888881434e-05	0	1	-0.691973526634884	0	0	0	Gemmatimonadetes	1206	1
OTU_176	5	1143	3093	1.36736118753904e-05	0.1	3	2.41867732448957	0	0	-1	Verrucomicrobia	2605	1
OTU_180	9	3194.1884637823	9726	0.00830324465125415	0.166666666666667	1	1.08738697042625	0.345679012345679	0	-1	Verrucomicrobia	5567	1
OTU_185	11	32.5357309357309	224	0.216644353576948	0.654545454545455	2	1.01840252769323	0	0	0	Actinobacteria	4727	0
OTU_187	11	725.929600784877	3277	0.00397649935359325	0.290909090909091	1	2.27362730180033	0	0	-1	Acidobacteria	3822	0
OTU_188	2	0	0	2.39830206290597e-11	1	4	-0.939369308718743	0	0	0	Firmicutes	1380	0
OTU_189	9	236.032266354292	787	0.190641743948683	0.5	2	0.650166585476468	0	0	0	Actinobacteria	2577	0
OTU_190	2	80.3177777777778	692	0.000301052222469538	0	1	-0.395413443791362	0	0	-1	Actinobacteria	1039	0
OTU_202	10	1676.22436860451	7470	0.00418359354521687	0.311111111111111	0	1.79772821694388	0.18	0	-1	Actinobacteria	3214	0
OTU_204	1	0	0	1.43890995150829e-11	0	4	-1.19139522081402	0	0	-1	Firmicutes	3356	1
OTU_205	3	81.6515459167297	422	0.0237971329080611	0.666666666666667	2	-0.454541241173814	0	0	0	Bacteroidetes	2720	1
OTU_207	3	44.2335459338	424	0.000671717595382167	0.666666666666667	1	-0.0988533609478406	0	0	-1	Proteobacteria	1332	0
OTU_208	2	0	0	0.0291656871567298	1	2	-0.638659212282194	0	0	0	Bacteroidetes	1232	1
OTU_210	1	0	0	2.52208165467899e-97	0	30	0	0	0	-1	Actinobacteria	2634	0
OTU_211	1	0	0	1.340789851166e-06	0	3	-0.806225774829855	0	0	-1	Proteobacteria	3042	0
OTU_214	5	13.3	23	0.00103979548685815	0.6	0	0.535201530235202	0	0	0	Actinobacteria	1716	0
OTU_215	5	8.83457551925792	90	0.00296103470627539	0.8	1	0.494266804739203	0	0	-1	Acidobacteria	913	0
OTU_216	2	0	0	1.13358836794604e-05	1	9	0	0	0	-1	Proteobacteria	1249	0
OTU_221	1	0	0	0.00016904000760321	0	1	-0.691973526634884	0	0	0	Gemmatimonadetes	1837	1
OTU_223	5	492.992099854536	1098	0.00217916687099199	0.2	1	0.197706721895681	0.32	0	-1	Acidobacteria	1128	0
OTU_225	4	0.333333333333333	1	4.9111339309236e-11	0.833333333333333	4	-0.435317484528198	0	0	0	Firmicutes	2902	0
OTU_232	3	9.48333333333333	21	0.000556779763537007	0.333333333333333	1	-0.0988533609478406	0	0	-1	Proteobacteria	1407	0
OTU_234	1	0	0	6.7059160914392e-75	0	12	-0.577350269189626	0	0	-1	Acidobacteria	1393	0
OTU_238	11	845.10266662377	3730	0.076782620235979	0.163636363636364	2	1.01840252769323	0	0	-1	Actinobacteria	3554	0
OTU_240	10	267.229005137711	1570	0.145323729398415	0.422222222222222	2	0.834284556584848	0	0	0	Proteobacteria	1890	0
OTU_244	6	6.15486542443064	43	0.132795226975067	0.666666666666667	2	0.0978126721513271	0	0	0	Proteobacteria	1284	0
OTU_245	4	0	0	0.0027399359195895	1	1	0.197706721895681	0	0	-1	Acidobacteria	983	0
OTU_264	1	0	0	2.29714007026569e-05	0	3	-0.806225774829855	0	0	-1	Acidobacteria	1169	0
OTU_269	1	0	0	0.000329529070803006	0	1	-0.691973526634884	0	0	0	Proteobacteria	643	0
OTU_276	1	0	0	0.0202677642549917	0	2	-0.822777183390575	0	0	0	Actinobacteria	1225	0
OTU_279	2	2	2	2.10899351939026e-77	0	8	1	0	0	-1	Unclassified	7089	1
OTU_285	3	217.966666666667	494	0.000186951924618613	0	3	0	0.444444444444444	0	-1	Acidobacteria	1152	0
OTU_287	3	197.52380952381	1482	0.000131905144289103	0	1	-0.0988533609478406	0	0	-1	Unclassified	1685	0
OTU_292	2	20.5833333333333	44	0.000474319957064632	0	1	-0.395413443791362	0	0	-1	Acidobacteria	1012	0
OTU_297	1	0	0	3.70607300258924e-05	0	1	-0.691973526634884	0	0	-1	Unclassified	2227	1
OTU_299	3	139.471560057403	953	0.0509658595977322	0.666666666666667	2	-0.638659212282194	0.444444444444444	0	0	Actinobacteria	1114	0
OTU_301	2	0	0	0.00187996780694843	1	1	-0.395413443791362	0	0	-1	Acidobacteria	869	0
OTU_302	1	0	0	0.000167398887234851	0	1	-0.691973526634884	0	0	-1	Acidobacteria	1153	0
OTU_321	2	52.2	275	0.00190899188733738	0	0	-0.411693484796309	0	0	-1	Actinobacteria	849	0
OTU_329	3	0	0	3.8930398454993e-11	1	4	-0.687343396623471	0	0	-1	Firmicutes	682	0
OTU_348	4	32.0111111111111	104	0.002887674734004	0.333333333333333	0	0.219569858558032	0	0	-1	Acidobacteria	1636	0
OTU_360	1	0	0	0.000206946938147748	0	0	-0.72732515647348	0	0	0	Nitrospira	597	1
OTU_363	1	0	0	0.00627388635308757	0	0	-0.72732515647348	0	0	0	Proteobacteria	1450	0
OTU_374	1	0	0	2.52208165467899e-97	0	32	0	0	0	0	Actinobacteria	969	0
OTU_376	1	0	0	1.34064086931086e-07	0	3	-0.806225774829855	0	0	-1	WS3	988	1
OTU_378	1	0	0	0.0267478719893392	0	2	-0.822777183390575	0	0	0	Actinobacteria	778	0
OTU_382	6	245.5985691751	1578	0.112918796073902	0.533333333333333	2	0.0978126721513271	0	0	0	Proteobacteria	1244	0
OTU_386	1	0	0	0.00081418913024585	0	1	-0.691973526634884	0	0	-1	Unclassified	644	0
OTU_389	1	0	0	0.000227161007251441	0	1	-0.691973526634884	0	0	-1	Unclassified	566	0
OTU_422	2	0	0	0.00528031768853142	1	0	-0.411693484796309	0	0	0	Actinobacteria	1414	0
OTU_423	11	2131.7709383507	9170	0.174846765107501	0.327272727272727	2	1.01840252769323	0	0	0	Proteobacteria	1248	0
OTU_440	4	897.482674804893	3044	0.00211646362304391	0.166666666666667	1	0.197706721895681	0	0	-1	Proteobacteria	1363	0
OTU_462	1	0	0	0.0142499716451295	0	2	-0.822777183390575	0	0	0	Proteobacteria	1160	0
OTU_464	5	27.3605149236728	217	0.0845753510020113	0.7	2	-0.0863052989570533	0	0	0	Bacteroidetes	1384	1
OTU_475	1	0	0	0.0105558566627578	0	2	-0.822777183390575	0	0	0	Actinobacteria	379	0
OTU_478	1	0	0	2.52208165467899e-97	0	29	0	0	0	-1	Unclassified	2187	1
OTU_480	1	0	0	0.00180703292808271	0	0	-0.72732515647348	0	0	-1	Bacteroidetes	1329	1
OTU_487	7	8.13971861471861	43	0.160719705569572	0.80952380952381	2	0.281930643259707	0	0	-1	Acidobacteria	751	0
OTU_492	1	0	0	0.00752905369089273	0	2	-0.822777183390575	0	0	-1	Actinobacteria	682	0
OTU_503	3	3	3	2.01177482743176e-74	0	12	1.73205080756888	0	0	-1	Acidobacteria	1655	0
OTU_514	5	0	0	0.129608835032032	1	2	-0.0863052989570533	0	0	0	Actinobacteria	693	0
OTU_529	4	0	0	0.0892401243333219	1	2	-0.270423270065434	0	0	0	Actinobacteria	1147	0
OTU_550	1	0	0	0.0109797787807859	0	2	-0.822777183390575	0	0	0	Proteobacteria	782	0
OTU_560	1	0	0	1.12137918499115e-06	0	9	-0.866025403784439	0	0	-1	Unclassified	562	0
OTU_576	1	0	0	0.0186937085697757	0	2	-0.822777183390575	0	0	0	Actinobacteria	1520	0
OTU_579	1	0	0	2.52208165467899e-97	0	28	0	0	0	0	Proteobacteria	1892	0
OTU_594	1	0	0	0.00627388635308757	0	0	-0.72732515647348	0	0	-1	Actinobacteria	684	0
OTU_597	9	8.25238095238095	36	1.16659924829091e-10	0.666666666666667	4	0.824812075948165	0	0	0	Firmicutes	1190	0
OTU_600	2	44.2335459338	424	0.000428938581701751	0	1	-0.395413443791362	0	0	-1	Proteobacteria	687	0
OTU_608	1	0	0	1.32735142707857e-08	0	3	-0.806225774829855	0	0	-1	Proteobacteria	803	0
OTU_612	2	0	0	0.0102241097064889	1	0	-0.411693484796309	0	0	0	Actinobacteria	480	0
OTU_628	2	0	0	0.00114133636827022	1	1	-0.395413443791362	0	0	-1	Acidobacteria	831	0
OTU_651	1	0	0	2.52208165467899e-97	0	26	0	0	0	-1	Bacteroidetes	376	0
OTU_660	1	0	0	0.0202677642549917	0	2	-0.822777183390575	0	0	0	Actinobacteria	594	0
OTU_664	2	43.9748768472906	285	0.000405975803784223	0	1	-0.395413443791362	0	0	-1	Proteobacteria	606	0
OTU_674	2	0	0	0.0541768680405976	1	2	-0.638659212282194	0	0	0	Bacteroidetes	833	1
OTU_691	1	0	0	2.52208165467899e-97	0	25	0	0	0	0	Actinobacteria	1307	0
OTU_695	7	916.803279233873	3921	0.00293827862887515	0.380952380952381	1	1.08738697042625	0	0	-1	Actinobacteria	2356	0
OTU_740	2	0	0	0.00808091928117029	1	0	-0.411693484796309	0	0	-1	Proteobacteria	592	0
OTU_750	4	0.722222222222222	4	0.078726786046536	0.833333333333333	2	-0.270423270065434	0	0	0	Bacteroidetes	921	1
OTU_759	1	0	0	0.0105558566627578	0	2	-0.822777183390575	0	0	0	Bacteroidetes	567	0
OTU_785	1	0	0	0.0208725036646424	0	2	-0.822777183390575	0	0	0	Actinobacteria	852	0
OTU_804	3	5	5	8.52987421903714e-72	0	5	1.75	0	0	-1	Chloroflexi	271	1
OTU_842	1	0	0	1.02145044944693e-05	0	9	-0.866025403784439	0	0	-1	Verrucomicrobia	828	0
OTU_868	1	0	0	0.00752905369089273	0	2	-0.822777183390575	0	0	-1	Proteobacteria	689	0
OTU_886	1	0	0	0.0208725036646424	0	2	-0.822777183390575	0	0	0	Bacteroidetes	737	1
OTU_888	3	1.16666666666667	3	0.00228939347698443	0.666666666666667	0	-0.0960618131191388	0	0	0	Proteobacteria	486	0
OTU_913	1	0	0	0.000389922576788983	0	1	-0.691973526634884	0	0	-1	Acidobacteria	242	0
OTU_944	5	0	0	7.2991801387928e-11	1	4	-0.183291572432926	0	0	0	Firmicutes	12461	1
OTU_985	1	0	0	1.19712641519914e-05	0	3	-0.806225774829855	0	0	-1	Acidobacteria	932	0
OTU_1020	1	0	0	1.02145044944693e-05	0	9	-0.866025403784439	0	0	-1	Verrucomicrobia	435	0
OTU_1022	3	0	0	0.0120311426345716	1	0	-0.0960618131191388	0	0	0	Proteobacteria	776	0
OTU_1032	1	0	0	2.52208165467899e-97	0	24	0	0	0	0	Proteobacteria	382	0
OTU_1046	6	5.26666666666667	17	7.21861788229539e-11	0.666666666666667	4	0.068734339662347	0	0	0	Firmicutes	29674	1
OTU_1068	1	0	0	0.0202677642549917	0	2	-0.822777183390575	0	0	-1	Bacteroidetes	739	1
OTU_1076	1	0	0	2.52208165467899e-97	0	23	0	0	0	0	Gemmatimonadetes	126	1
OTU_1103	1	0	0	2.52208165467899e-97	0	27	0	0	0	-1	Actinobacteria	789	0
OTU_1195	3	578	1553	1.36720925320962e-06	0	3	0.806225774829855	0	0	-1	Verrucomicrobia	649	0
OTU_1249	1	0	0	0.00752905369089273	0	2	-0.822777183390575	0	0	0	Proteobacteria	638	0
OTU_1251	1	0	0	1.06014501244826e-11	0	4	-1.19139522081402	0	0	0	Firmicutes	728	0
OTU_1325	1	0	0	3.53318958686179e-72	0	5	-0.75	0	0	0	Planctomycetes	162	1
OTU_1326	4	469.731390591207	2281	0.0306538402103681	0.333333333333333	2	-0.270423270065434	0	0	0	Proteobacteria	786	0
OTU_1338	1	0	0	3.53318958686179e-72	0	5	-0.75	0	0	-1	Proteobacteria	204	0
OTU_1360	3	0	0	7.53075407572813e-07	1	7	0.267261241912425	0	0	-1	Acidobacteria	7653	1
OTU_1370	5	0.45	2	0.000950116442546585	0.9	0	0.535201530235202	0	0	0	Actinobacteria	1253	0
OTU_1469	1	0	0	0.000368915073758331	0	1	-0.691973526634884	0	0	-1	Acidobacteria	641	0
OTU_1488	1	0	0	2.52208165467899e-97	0	22	0	0	0	-1	Unclassified	114	0
OTU_1535	1	0	0	2.52208165467899e-97	0	21	0	0	0	-1	Proteobacteria	165	0
OTU_1580	1	0	0	3.5495143750657e-83	0	15	0	0	0	-1	Actinobacteria	1534	0
OTU_1610	1	0	0	0.00169074884861813	0	1	-0.691973526634884	0	0	-1	Acidobacteria	1087	0
OTU_1646	1	0	0	0.0208725036646424	0	2	-0.822777183390575	0	0	0	Bacteroidetes	597	0
OTU_1759	1	0	0	2.52208165467899e-97	0	21	0	0	0	0	Proteobacteria	159	0
OTU_1802	1	0	0	2.52208165467899e-97	0	20	0	0	0	-1	Cyanobacteria/Chloroplast	30782	1
OTU_1973	1	0	0	0.00180703292808271	0	0	-0.72732515647348	0	0	0	Proteobacteria	6354	1
OTU_2037	1	0	0	2.52208165467899e-97	0	24	0	0	0	-1	Verrucomicrobia	200	0
OTU_2269	1	0	0	0.000649204399034312	0	0	-0.72732515647348	0	0	-1	Proteobacteria	4898	0
OTU_2293	8	2.93809523809524	13	1.05581539584163e-10	0.75	4	0.572786163852892	0	0	-1	Firmicutes	9094	1
OTU_2373	1	0	0	3.53318958686179e-72	0	5	-0.75	0	0	-1	Proteobacteria	117	0
OTU_2822	1	0	0	3.39738526987223e-05	0	0	-0.72732515647348	0	0	0	Actinobacteria	1257	0
OTU_2932	1	0	0	2.52208165467899e-97	0	22	0	0	0	-1	Unclassified	239	0
OTU_2953	2	194	396	0.000290915219762977	0	1	-0.395413443791362	0	0	0	Actinobacteria	2042	0
OTU_4247	1	0	0	6.58064161275279e-05	0	0	-0.72732515647348	0	0	-1	Actinobacteria	3718	0
OTU_4781	1	0	0	0.00244293712133345	0	2	-0.822777183390575	0	0	0	Proteobacteria	658	0
OTU_4888	3	0	0	0.0622488060465156	1	2	-0.454541241173814	0	0	0	Proteobacteria	1010	0
OTU_5678	2	0	0	0.0355669736900732	1	2	-0.638659212282194	0	0	0	Proteobacteria	2676	0
OTU_5730	6	0	0	0.147266572814491	1	2	0.0978126721513271	0	0	-1	Actinobacteria	1168	0
OTU_5766	2	0	0	1.39955166843014e-58	1	10	-1	0	0	-1	Verrucomicrobia	2215	1
OTU_5881	1	0	0	2.52208165467899e-97	0	26	0	0	0	-1	Unclassified	234	0
OTU_5886	7	3.51666666666667	11	8.48198960451328e-11	0.666666666666667	4	0.32076025175762	0	0	-1	Firmicutes	2310	0
OTU_7456	2	1	1	7.09902875013141e-83	0	14	0	0	0	-1	Acidobacteria	1893	0
OTU_7589	1	0	0	2.52208165467899e-97	0	23	0	0	0	-1	Chloroflexi	173	1
OTU_7983	1	0	0	2.52208165467899e-97	0	31	0	0	0	0	Proteobacteria	1772	0
OTU_8100	2	0	0	2.99468596615641e-11	1	4	-0.939369308718743	0	0	0	Firmicutes	10397	1
OTU_8148	3	0.5	1	1.79251275646926e-58	0.666666666666667	11	1	0	0	-1	Proteobacteria	3847	0
OTU_8325	1	0	0	2.52208165467899e-97	0	20	0	0	0	-1	Cyanobacteria/Chloroplast	965	1
OTU_8377	3	194	406	0.000387854349234452	0.333333333333333	1	-0.0988533609478406	0	0	-1	Acidobacteria	2119	0
OTU_8428	4	0.5	2	0.0757003920765777	0.833333333333333	2	-0.270423270065434	0	0	0	Bacteroidetes	1219	1
OTU_8598	1	0	0	7.44964495632745e-08	0	7	-1.33630620956212	0	0	-1	Acidobacteria	8885	1
OTU_8849	1	0	0	1.79901696656681e-06	0	0	-0.72732515647348	0	0	-1	Actinobacteria	2844	0
OTU_8875	1	0	0	1.06014501244826e-11	0	4	-1.19139522081402	0	0	0	Firmicutes	651	0
OTU_9957	1	0	0	6.7059160914392e-75	0	12	-0.577350269189626	0	0	-1	Proteobacteria	1116	0
OTU_11423	2	1	1	7.09902875013141e-83	0	17	0	0	0	-1	Verrucomicrobia	1281	1
OTU_11791	8	8.66666666666667	34	1.02754402574077e-10	0.678571428571429	4	0.572786163852892	0	0	-1	Firmicutes	1910	0
OTU_12094	2	54.3670995670996	154	0.000860699400570422	0	1	-0.395413443791362	0	0	-1	Acidobacteria	5018	0
OTU_12417	1	0	0	2.52208165467899e-97	0	19	0	0	0	-1	Proteobacteria	117	0
OTU_12580	1	0	0	3.5495143750657e-83	0	14	0	0	0	-1	Acidobacteria	1273	0
OTU_12734	3	0.5	1	1.79251275646926e-58	0.666666666666667	10	1	0	0	-1	Verrucomicrobia	4352	1
OTU_13168	1	0	0	3.26262530411106e-05	0	1	-0.691973526634884	0	0	0	Actinobacteria	664	0
OTU_13791	3	4.3338445436423	48	0.0864914153197441	0.666666666666667	2	-0.454541241173814	0	0	-1	Proteobacteria	1065	0
OTU_14293	1	0	0	2.52208165467899e-97	0	18	0	0	0	0	Proteobacteria	5210	0
OTU_14351	7	137.365718962503	1115	0.167698953880591	0.619047619047619	2	0.281930643259707	0	0	0	Proteobacteria	1417	0
OTU_14565	3	0	0	0.0527118780724384	1	2	-0.454541241173814	0	0	0	Proteobacteria	640	0
OTU_14601	3	0	0	3.60682578600768e-11	1	4	-0.687343396623471	0	0	0	Firmicutes	1006	0
OTU_14617	2	0	0	1.39955166843014e-58	1	10	-1	0	0	-1	Verrucomicrobia	19862	1
OTU_14733	2	0	0	0.00044809213489527	1	0	-0.411693484796309	0	0	-1	Actinobacteria	1968	0
OTU_14736	12	25.6714285714286	84	1.3703368973364e-10	0.515151515151515	4	1.58088981223398	0	0	-1	Firmicutes	6705	1
OTU_15934	1	0	0	2.52208165467899e-97	0	25	0	0	0	-1	Actinobacteria	982	0
OTU_16162	2	0	0	9.99099476055758e-69	1	13	0	0	0	-1	Cyanobacteria/Chloroplast	512	1
OTU_16473	2	0	0	1.39955166843014e-58	1	11	-1	0	0	-1	Proteobacteria	1452	0
OTU_16676	1	0	0	0.0146944700254309	0	2	-0.822777183390575	0	0	0	Proteobacteria	840	0
OTU_16896	2	44.2335459338	424	0.000428938581701751	0	1	-0.395413443791362	0	0	-1	Verrucomicrobia	563	0
OTU_17207	3	194	462	0.0249135045317334	0.333333333333333	2	-0.454541241173814	0	0	0	Proteobacteria	1044	0
OTU_17530	1	0	0	0.00180703292808271	0	0	-0.72732515647348	0	0	0	Actinobacteria	498	0
OTU_18617	3	0	0	4.5510501118527e-11	1	4	-0.687343396623471	0	0	-1	Firmicutes	742	0
OTU_18671	5	871.997077634642	2114	0.00155021729741703	0.1	1	-0.0988533609478406	0.56	0	-1	Verrucomicrobia	795	0
OTU_18685	1	0	0	0.00627388635308757	0	0	-0.72732515647348	0	0	0	Proteobacteria	803	0
OTU_18800	1	0	0	6.002350794342e-05	0	1	-0.691973526634884	0	0	-1	Acidobacteria	865	0
OTU_18890	1	0	0	7.94158771865634e-07	0	6	-1.49120227015865	0	0	-1	Actinobacteria	2955	0
OTU_19287	6	205.695177023325	886	0.111973724589041	0.466666666666667	2	0.0978126721513271	0	0	-1	Proteobacteria	968	0
OTU_19459	2	194	359	0.00170716343835099	0	1	-0.395413443791362	0	0	-1	Acidobacteria	1552	0
OTU_19652	1	0	0	2.52208165467899e-97	0	19	0	0	0	-1	Acidobacteria	210	0
OTU_19766	1	0	0	0.000368915073758331	0	1	-0.691973526634884	0	0	-1	Proteobacteria	499	0
OTU_20178	1	0	0	1.06014501244826e-11	0	4	-1.19139522081402	0	0	0	Firmicutes	247	0
OTU_20668	1	0	0	0.00180703292808271	0	0	-0.72732515647348	0	0	0	Proteobacteria	690	0
OTU_20797	5	831.517540926506	5669	0.00103120556321472	0.3	1	0.197706721895681	0.32	0	-1	Actinobacteria	3713	0
OTU_20810	6	352.705194805194	2427	0.000904750099127664	0.533333333333333	0	0.850833201912372	0	0	0	Actinobacteria	2375	0
OTU_21239	1	0	0	4.98008445228853e-06	0	6	-1.49120227015865	0	0	-1	Actinobacteria	2220	0
OTU_21262	5	957	2412	0.000104169322161398	0.1	9	1.73205080756888	0.32	0	-1	Verrucomicrobia	1725	1
OTU_21434	5	244.655845216875	739	0.00333630535386497	0.5	1	0.494266804739203	0	0	-1	Verrucomicrobia	1913	1
OTU_21522	2	0	0	0.0015845174758633	1	0	-0.411693484796309	0	0	0	Actinobacteria	3493	0
OTU_21739	1	0	0	3.5495143750657e-83	0	17	0	0	0	-1	Verrucomicrobia	1246	0
OTU_21867	1	0	0	2.52208165467899e-97	0	32	0	0	0	0	Actinobacteria	2019	0
OTU_21915	4	194	840	7.59727959258961e-07	0.5	7	1.0690449676497	0	0	-1	Acidobacteria	6333	0
OTU_21929	2	0	0	0.00187456232558584	1	1	-0.395413443791362	0	0	-1	Verrucomicrobia	12920	1
OTU_22049	1	0	0	6.7059160914392e-75	0	12	-0.577350269189626	0	0	-1	Acidobacteria	1561	0
OTU_22242	3	194	485	1.14360231227714e-05	0.333333333333333	9	0.866025403784439	0	0	-1	Proteobacteria	967	0
OTU_22338	11	157.984569109418	776	0.17319292285253	0.436363636363636	2	1.01840252769323	0	0	0	Actinobacteria	725	0
OTU_22489	1	0	0	2.52208165467899e-97	0	31	0	0	0	-1	Proteobacteria	1702	0
OTU_22506	1	0	0	2.52208165467899e-97	0	30	0	0	0	-1	Actinobacteria	1614	0
OTU_22802	1	0	0	3.5495143750657e-83	0	17	0	0	0	-1	Verrucomicrobia	1249	0
OTU_22899	1	0	0	0.000403765533878716	0	0	-0.72732515647348	0	0	-1	Acidobacteria	2120	0
OTU_22981	3	0	0	0.0019947470346621	1	0	-0.0960618131191388	0	0	0	Actinobacteria	2798	0
OTU_23325	1	0	0	2.52208165467899e-97	0	28	0	0	0	0	Proteobacteria	1350	0
OTU_23377	1	0	0	0.0323145472791465	0	2	-0.822777183390575	0	0	0	Proteobacteria	471	0
OTU_24085	1	0	0	2.52208165467899e-97	0	27	0	0	0	-1	Crenarchaeota	2889	1
OTU_24090	12	41.8428571428571	113	1.1730445786041e-10	0.363636363636364	4	1.58088981223398	0	0	-1	Firmicutes	14091	1
OTU_24435	1	0	0	0.000403765533878716	0	0	-0.72732515647348	0	0	-1	Acidobacteria	1854	0
OTU_24474	6	6.04435125828988	40	0.107526977629839	0.733333333333333	2	0.0978126721513271	0	0	0	Proteobacteria	489	0
OTU_24581	2	3	3	4.99668463217534e-72	0	5	0.5	0	0	0	Bacteroidetes	618	0
OTU_24660	3	387	717	0.00172389987392158	0	1	-0.0988533609478406	0	0	1	Crenarchaeota	1198	1
OTU_24748	5	194	539	0.054138952535941	0.6	2	-0.0863052989570533	0	0	0	Proteobacteria	3391	0
OTU_25114	2	0	0	0.00203152339682194	1	0	-0.411693484796309	0	0	0	Actinobacteria	1304	0
OTU_25249	3	0	0	0.0652493174534795	1	2	-0.454541241173814	0	0	0	Proteobacteria	499	0
OTU_25345	2	0	0	0.043860221038713	1	2	-0.638659212282194	0	0	0	Proteobacteria	610	0
OTU_25392	4	764	3348	6.16719273926158e-06	0.5	7	1.0690449676497	0	0	-1	Acidobacteria	16978	1
OTU_25972	6	3.54166666666667	14	0.100507600371891	0.666666666666667	2	0.0978126721513271	0	0	0	Proteobacteria	952	0
